t_d n pdop
0.0000 4 8.394
0.0069 4 9.086
0.0139 4 9.880
0.0208 4 10.804
0.0278 4 11.893
0.0347 4 13.197
0.0417 4 14.791
0.0486 4 16.786
0.0556 4 19.361
0.0625 4 22.816
0.0694 4 27.709
0.0764 4 35.187
0.0833 4 48.068
0.0903 4 50.000
0.0972 5 2.802
0.1042 5 2.939
0.1111 5 3.080
0.1181 5 3.224
0.1250 5 3.371
0.1319 5 3.517
0.1389 5 3.663
0.1458 5 3.806
0.1528 5 3.943
0.1597 5 4.073
0.1667 5 4.193
0.1736 5 4.300
0.1806 5 4.391
0.1875 5 4.464
0.1944 5 4.516
0.2014 5 4.546
0.2083 5 4.554
0.2153 5 4.538
0.2222 5 4.500
0.2292 5 4.441
0.2361 5 4.362
0.2431 5 4.267
0.2500 5 4.157
0.2569 5 4.036
0.2639 5 3.906
0.2708 5 3.769
0.2778 5 3.628
0.2847 5 3.486
0.2917 5 3.342
0.2986 5 3.200
0.3056 5 3.060
0.3125 5 2.923
0.3194 4 50.000
0.3264 4 50.000
0.3333 4 37.272
0.3403 4 29.071
0.3472 4 23.799
0.3542 4 20.118
0.3611 4 17.399
0.3681 4 15.305
0.3750 4 13.640
0.3819 4 12.283
0.3889 4 11.153
0.3958 4 10.197
0.4028 4 9.377
0.4097 4 8.664
0.4167 4 8.037
0.4236 4 7.482
0.4306 4 6.987
0.4375 4 6.541
0.4444 4 6.137
0.4514 4 5.770
0.4583 4 5.434
0.4653 4 5.126
0.4722 4 4.841
0.4792 4 4.579
0.4861 4 4.335
0.4931 4 4.109
0.5000 4 3.898
0.5069 4 3.702
0.5139 4 3.520
0.5208 3 nan
0.5278 4 3.573
0.5347 4 3.668
0.5417 4 3.761
0.5486 4 3.850
0.5556 4 3.936
0.5625 4 4.019
0.5694 4 4.098
0.5764 4 4.173
0.5833 4 4.243
0.5903 4 4.308
0.5972 4 4.369
0.6042 4 4.424
0.6111 4 4.473
0.6181 4 4.516
0.6250 4 4.553
0.6319 4 4.582
0.6389 4 4.605
0.6458 4 4.620
0.6528 4 4.627
0.6597 4 4.625
0.6667 4 4.615
0.6736 4 4.595
0.6806 4 4.567
0.6875 4 4.528
0.6944 4 4.480
0.7014 4 4.423
0.7083 4 4.356
0.7153 5 4.110
0.7222 5 4.105
0.7292 5 3.865
0.7361 4 5.427
0.7431 4 5.952
0.7500 4 6.568
0.7569 4 7.301
0.7639 4 8.189
0.7708 4 9.289
0.7778 4 10.693
0.7847 4 12.549
0.7917 4 15.126
0.7986 4 18.957
0.8056 4 25.275
0.8125 4 37.713
0.8194 4 50.000
0.8264 4 50.000
0.8333 4 50.000
0.8403 4 39.883
0.8472 4 26.313
0.8542 4 19.599
0.8611 4 15.585
0.8681 4 12.909
0.8750 4 10.994
0.8819 4 9.552
0.8889 4 8.425
0.8958 4 7.519
0.9028 4 6.773
0.9097 4 6.147
0.9167 4 5.614
0.9236 4 5.155
0.9306 5 4.245
0.9375 4 4.413
0.9444 4 4.481
0.9514 4 4.540
0.9583 4 4.590
0.9653 4 4.632
0.9722 4 4.665
0.9792 4 4.689
0.9861 4 4.705
0.9931 4 4.714
1.0000 4 4.714
1.0069 4 4.707
1.0139 4 4.694
1.0208 4 4.674
1.0278 4 4.647
1.0347 4 4.614
1.0417 4 4.576
1.0486 4 4.533
1.0556 4 4.484
1.0625 4 4.431
1.0694 4 4.373
1.0764 4 4.311
1.0833 4 4.244
1.0903 4 4.174
1.0972 4 4.100
1.1042 4 4.023
1.1111 4 3.943
1.1181 4 3.859
1.1250 4 3.773
1.1319 4 3.684
1.1389 4 3.593
1.1458 4 3.377
1.1528 4 3.543
1.1597 4 3.722
1.1667 4 3.914
1.1736 4 4.121
1.1806 4 4.344
1.1875 4 4.585
1.1944 4 4.845
1.2014 4 5.129
1.2083 4 5.437
1.2153 4 5.774
1.2222 4 6.145
1.2292 4 6.555
1.2361 4 7.011
1.2431 4 7.520
1.2500 4 8.095
1.2569 4 8.750
1.2639 4 9.502
1.2708 4 10.377
1.2778 4 11.410
1.2847 4 12.648
1.2917 4 14.163
1.2986 4 16.061
1.3056 4 18.515
1.3125 4 21.815
1.3194 4 26.502
1.3264 4 33.694
1.3333 4 46.162
1.3403 5 2.750
1.3472 5 2.894
1.3542 5 3.043
1.3611 5 3.197
1.3681 5 3.354
1.3750 5 3.513
1.3819 5 3.672
1.3889 5 3.828
1.3958 5 3.980
1.4028 5 4.123
1.4097 5 4.255
1.4167 5 4.373
1.4236 5 4.472
1.4306 5 4.551
1.4375 5 4.606
1.4444 5 4.635
1.4514 5 4.639
1.4583 5 4.616
1.4653 5 4.568
1.4722 5 4.497
1.4792 5 4.405
1.4861 5 4.297
1.4931 5 4.174
1.5000 5 4.041
1.5069 5 3.900
1.5139 5 3.754
1.5208 5 3.605
1.5278 5 3.456
1.5347 5 3.308
1.5417 5 3.162
1.5486 5 3.020
1.5556 5 2.883
1.5625 4 50.000
1.5694 4 36.989
1.5764 4 28.977
1.5833 4 23.809
1.5903 4 20.192
1.5972 4 17.516
1.6042 4 15.453
1.6111 4 13.810
1.6181 4 12.469
1.6250 4 11.353
1.6319 4 10.407
1.6389 4 9.594
1.6458 4 8.887
1.6528 4 8.266
1.6597 4 7.715
1.6667 4 7.222
1.6736 4 6.778
1.6806 4 6.376
1.6875 4 6.009
1.6944 4 5.673
1.7014 4 5.364
1.7083 4 5.079
1.7153 4 4.814
1.7222 4 4.568
1.7292 4 4.339
1.7361 4 4.125
1.7431 4 3.925
1.7500 4 3.737
1.7569 4 3.562
1.7639 3 nan
1.7708 3 nan
1.7778 4 3.541
1.7847 4 3.632
1.7917 4 3.722
1.7986 4 3.809
1.8056 4 3.894
1.8125 4 3.976
1.8194 4 4.055
1.8264 4 4.131
1.8333 4 4.203
1.8403 4 4.271
1.8472 4 4.335
1.8542 4 4.394
1.8611 4 4.448
1.8681 4 4.496
1.8750 4 4.539
1.8819 4 4.574
1.8889 4 4.603
1.8958 4 4.624
1.9028 4 4.637
1.9097 4 4.642
1.9167 4 4.637
1.9236 4 4.623
1.9306 4 4.598
1.9375 4 4.563
1.9444 4 4.517
1.9514 4 4.459
1.9583 5 3.944
1.9653 5 4.167
1.9722 5 4.127
1.9792 5 3.839
1.9861 5 3.433
1.9931 4 6.170
2.0000 4 6.854
2.0069 4 7.680
2.0139 4 8.700
2.0208 4 9.994
2.0278 4 11.694
2.0347 4 14.032
2.0417 4 17.463
2.0486 4 23.005
2.0556 4 33.513
2.0625 4 50.000
2.0694 4 50.000
2.0764 4 50.000
2.0833 4 41.960
2.0903 4 26.856
2.0972 4 19.721
2.1042 4 15.554
2.1111 4 12.818
2.1181 4 10.878
2.1250 4 9.428
2.1319 4 8.302
2.1389 4 7.400
2.1458 4 6.660
2.1528 4 6.041
2.1597 4 5.516
2.1667 4 5.064
2.1736 5 4.331
2.1806 4 4.479
2.1875 4 4.539
2.1944 4 4.590
2.2014 4 4.631
2.2083 4 4.663
2.2153 4 4.685
2.2222 4 4.700
2.2292 4 4.706
2.2361 4 4.704
2.2431 4 4.696
2.2500 4 4.680
2.2569 4 4.658
2.2639 4 4.631
2.2708 4 4.598
2.2778 4 4.560
2.2847 4 4.517
2.2917 4 4.469
2.2986 4 4.418
2.3056 4 4.362
2.3125 4 4.303
2.3194 4 4.241
2.3264 4 4.175
2.3333 4 4.107
2.3403 4 4.036
2.3472 4 3.962
2.3542 4 3.885
2.3611 4 3.807
2.3681 4 3.726
2.3750 4 3.643
2.3819 3 nan
2.3889 3 nan
2.3958 4 3.395
2.4028 4 3.554
2.4097 4 3.723
2.4167 4 3.905
2.4236 4 4.101
2.4306 4 4.310
2.4375 4 4.536
2.4444 4 4.780
2.4514 4 5.044
2.4583 4 5.331
2.4653 4 5.644
2.4722 4 5.987
2.4792 4 6.365
2.4861 4 6.783
2.4931 4 7.250
2.5000 4 7.774
2.5069 4 8.368
2.5139 4 9.048
2.5208 4 9.834
2.5278 4 10.755
2.5347 4 11.851
2.5417 4 13.178
2.5486 4 14.823
2.5556 4 16.917
2.5625 4 19.679
2.5694 4 23.496
2.5764 4 29.128
2.5833 5 2.635
2.5903 5 2.778
2.5972 5 2.928
2.6042 5 3.086
2.6111 5 3.249
2.6181 5 3.417
2.6250 5 3.587
2.6319 5 3.758
2.6389 5 3.927
2.6458 5 4.090
2.6528 5 4.243
2.6597 5 4.384
2.6667 5 4.507
2.6736 5 4.608
2.6806 5 4.684
2.6875 5 4.732
2.6944 5 4.749
2.7014 5 4.736
2.7083 5 4.693
2.7153 5 4.622
2.7222 5 4.527
2.7292 5 4.412
2.7361 5 4.280
2.7431 5 4.135
2.7500 5 3.982
2.7569 5 3.824
2.7639 5 3.664
2.7708 5 3.504
2.7778 5 3.345
2.7847 5 3.191
2.7917 5 3.041
2.7986 5 2.896
2.8056 4 38.612
2.8125 4 29.737
2.8194 4 24.190
2.8264 4 20.389
2.8333 4 17.617
2.8403 4 15.503
2.8472 4 13.834
2.8542 4 12.482
2.8611 4 11.362
2.8681 4 10.418
2.8750 4 9.610
2.8819 4 8.910
2.8889 4 8.296
2.8958 4 7.753
2.9028 4 7.268
2.9097 4 6.832
2.9167 4 6.438
2.9236 4 6.079
2.9306 4 5.750
2.9375 4 5.448
2.9444 4 5.169
2.9514 4 4.911
2.9583 4 4.670
2.9653 4 4.446
2.9722 4 4.237
2.9792 4 4.040
2.9861 4 3.856
2.9931 4 3.683
3.0000 4 3.520
3.0069 3 nan
3.0139 3 nan
3.0208 3 nan
3.0278 4 3.523
3.0347 4 3.608
3.0417 4 3.691
3.0486 4 3.773
3.0556 4 3.853
3.0625 4 3.931
3.0694 4 4.007
3.0764 4 4.080
3.0833 4 4.150
3.0903 4 4.217
3.0972 4 4.281
3.1042 4 4.341
3.1111 4 4.396
3.1181 4 4.447
3.1250 4 4.493
3.1319 4 4.533
3.1389 4 4.567
3.1458 4 4.594
3.1528 4 4.613
3.1597 4 4.625
3.1667 4 4.627
3.1736 4 4.620
3.1806 4 4.603
3.1875 4 4.575
3.1944 4 4.536
3.2014 4 4.485
3.2083 5 3.933
3.2153 5 4.187
3.2222 5 4.170
3.2292 5 3.882
3.2361 5 3.459
3.2431 4 6.198
3.2500 4 6.903
3.2569 4 7.761
3.2639 4 8.831
3.2708 4 10.204
3.2778 4 12.038
3.2847 4 14.616
3.2917 4 18.518
3.2986 4 25.144
3.3056 4 38.931
3.3125 4 50.000
3.3194 4 50.000
3.3264 4 50.000
3.3333 4 33.308
3.3403 4 22.729
3.3472 4 17.220
3.3542 4 13.834
3.3611 4 11.537
3.3681 4 9.873
3.3750 4 8.609
3.3819 4 7.615
3.3889 4 6.812
3.3958 4 6.148
3.4028 4 5.589
3.4097 4 5.113
3.4167 5 4.427
3.4236 4 4.576
3.4306 4 4.634
3.4375 4 4.680
3.4444 4 4.716
3.4514 4 4.741
3.4583 4 4.756
3.4653 4 4.761
3.4722 4 4.759
3.4792 4 4.748
3.4861 4 4.730
3.4931 4 4.705
3.5000 4 4.674
3.5069 4 4.637
3.5139 4 4.595
3.5208 4 4.549
3.5278 4 4.498
3.5347 4 4.443
3.5417 4 4.385
3.5486 4 4.324
3.5556 4 4.260
3.5625 4 4.193
3.5694 4 4.124
3.5764 4 4.053
3.5833 4 3.979
3.5903 4 3.904
3.5972 4 3.827
3.6042 4 3.749
3.6111 4 3.669
3.6181 4 3.589
3.6250 3 nan
3.6319 3 nan
3.6389 3 nan
3.6458 4 3.470
3.6528 4 3.625
3.6597 4 3.791
3.6667 4 3.968
3.6736 4 4.157
3.6806 4 4.359
3.6875 4 4.576
3.6944 4 4.809
3.7014 4 5.060
3.7083 4 5.332
3.7153 4 5.627
3.7222 4 5.949
3.7292 4 6.302
3.7361 4 6.691
3.7431 4 7.122
3.7500 4 7.604
3.7569 4 8.147
3.7639 4 8.763
3.7708 4 9.470
3.7778 4 10.291
3.7847 4 11.258
3.7917 4 12.414
3.7986 4 13.824
3.8056 4 15.586
3.8125 4 17.854
3.8194 4 20.887
3.8264 4 25.161
3.8333 5 2.621
3.8403 5 2.763
3.8472 5 2.914
3.8542 5 3.073
3.8611 5 3.240
3.8681 5 3.412
3.8750 5 3.589
3.8819 5 3.767
3.8889 5 3.945
3.8958 5 4.119
3.9028 5 4.285
3.9097 5 4.439
3.9167 5 4.574
3.9236 5 4.687
3.9306 5 4.772
3.9375 5 4.826
3.9444 5 4.846
3.9514 5 4.832
3.9583 5 4.783
3.9653 5 4.703
3.9722 5 4.596
3.9792 5 4.465
3.9861 5 4.318
3.9931 5 4.157
4.0000 5 3.988
4.0069 5 3.815
4.0139 5 3.641
4.0208 5 3.469
4.0278 5 3.300
4.0347 5 3.136
4.0417 5 2.979
4.0486 4 35.816
4.0556 4 27.673
4.0625 4 22.565
4.0694 4 19.055
4.0764 4 16.492
4.0833 4 14.536
4.0903 4 12.990
4.0972 4 11.737
4.1042 4 10.699
4.1111 4 9.824
4.1181 4 9.075
4.1250 4 8.425
4.1319 4 7.856
4.1389 4 7.352
4.1458 4 6.903
4.1528 4 6.499
4.1597 4 6.134
4.1667 4 5.802
4.1736 4 5.498
4.1806 4 5.218
4.1875 4 4.960
4.1944 4 4.721
4.2014 4 4.499
4.2083 4 4.292
4.2153 4 4.098
4.2222 4 3.917
4.2292 4 3.747
4.2361 4 3.587
4.2431 3 nan
4.2500 3 nan
4.2569 3 nan
4.2639 3 nan
4.2708 4 3.454
4.2778 4 3.532
4.2847 4 3.609
4.2917 4 3.685
4.2986 4 3.760
4.3056 4 3.833
4.3125 4 3.904
4.3194 4 3.973
4.3264 4 4.041
4.3333 4 4.106
4.3403 4 4.168
4.3472 4 4.228
4.3542 4 4.284
4.3611 4 4.337
4.3681 4 4.387
4.3750 4 4.431
4.3819 4 4.472
4.3889 4 4.506
4.3958 4 4.535
4.4028 4 4.558
4.4097 4 4.573
4.4167 4 4.581
4.4236 4 4.579
4.4306 4 4.569
4.4375 4 4.548
4.4444 4 4.517
4.4514 4 4.474
4.4583 5 3.908
4.4653 5 4.179
4.4722 5 4.189
4.4792 5 3.919
4.4861 5 3.496
4.4931 4 6.120
4.5000 4 6.807
4.5069 4 7.644
4.5139 4 8.687
4.5208 4 10.028
4.5278 4 11.819
4.5347 4 14.338
4.5417 4 18.155
4.5486 4 24.646
4.5556 4 38.191
4.5625 4 50.000
4.5694 4 50.000
4.5764 4 50.000
4.5833 4 32.198
4.5903 4 21.978
4.5972 4 16.645
4.6042 4 13.363
4.6111 4 11.135
4.6181 4 9.519
4.6250 4 8.292
4.6319 4 7.327
4.6389 4 6.546
4.6458 4 5.901
4.6528 4 5.359
4.6597 4 4.897
4.6667 4 4.672
4.6736 4 4.737
4.6806 4 4.788
4.6875 4 4.825
4.6944 4 4.851
4.7014 4 4.864
4.7083 4 4.867
4.7153 4 4.859
4.7222 4 4.842
4.7292 4 4.817
4.7361 4 4.785
4.7431 4 4.746
4.7500 4 4.701
4.7569 4 4.650
4.7639 4 4.595
4.7708 4 4.536
4.7778 4 4.473
4.7847 4 4.406
4.7917 4 4.337
4.7986 4 4.265
4.8056 4 4.192
4.8125 4 4.116
4.8194 4 4.038
4.8264 4 3.959
4.8333 4 3.879
4.8403 4 3.798
4.8472 4 3.716
4.8542 4 3.634
4.8611 3 nan
4.8681 3 nan
4.8750 3 nan
4.8819 3 nan
4.8889 4 3.470
4.8958 4 3.620
4.9028 4 3.780
4.9097 4 3.949
4.9167 4 4.129
4.9236 4 4.320
4.9306 4 4.523
4.9375 4 4.740
4.9444 4 4.972
4.9514 4 5.221
4.9583 4 5.489
4.9653 4 5.779
4.9722 4 6.095
4.9792 4 6.439
4.9861 4 6.816
4.9931 4 7.233
5.0000 4 7.696
5.0069 4 8.215
5.0139 4 8.800
5.0208 4 9.467
5.0278 4 10.235
5.0347 4 11.131
5.0417 4 12.192
5.0486 4 13.471
5.0556 4 15.045
5.0625 4 17.032
5.0694 4 19.627
5.0764 4 23.164
5.0833 5 2.597
5.0903 5 2.734
5.0972 5 2.879
5.1042 5 3.034
5.1111 5 3.196
5.1181 5 3.365
5.1250 5 3.540
5.1319 5 3.719
5.1389 5 3.899
5.1458 5 4.078
5.1528 5 4.252
5.1597 5 4.416
5.1667 5 4.565
5.1736 5 4.693
5.1806 5 4.795
5.1875 5 4.866
5.1944 5 4.902
5.2014 5 4.900
5.2083 5 4.862
5.2153 5 4.788
5.2222 5 4.682
5.2292 5 4.550
5.2361 5 4.397
5.2431 5 4.228
5.2500 5 4.050
5.2569 5 3.865
5.2639 5 3.680
5.2708 5 3.495
5.2778 5 3.315
5.2847 5 3.141
5.2917 5 2.974
5.2986 4 30.706
5.3056 4 24.191
5.3125 4 19.968
5.3194 4 17.005
5.3264 4 14.808
5.3333 4 13.111
5.3403 4 11.760
5.3472 4 10.657
5.3542 4 9.738
5.3611 4 8.960
5.3681 4 8.292
5.3750 4 7.711
5.3819 4 7.201
5.3889 4 6.748
5.3958 4 6.344
5.4028 4 5.980
5.4097 4 5.651
5.4167 4 5.351
5.4236 4 5.077
5.4306 4 4.825
5.4375 4 4.592
5.4444 4 4.377
5.4514 4 4.177
5.4583 4 3.990
5.4653 4 3.817
5.4722 4 3.654
5.4792 4 3.502
5.4861 3 nan
5.4931 3 nan
5.5000 3 nan
5.5069 3 nan
5.5139 4 3.432
5.5208 4 3.505
5.5278 4 3.576
5.5347 4 3.645
5.5417 4 3.713
5.5486 4 3.780
5.5556 4 3.845
5.5625 4 3.909
5.5694 4 3.970
5.5764 4 4.030
5.5833 4 4.087
5.5903 4 4.142
5.5972 4 4.195
5.6042 4 4.244
5.6111 4 4.291
5.6181 4 4.334
5.6250 4 4.374
5.6319 4 4.409
5.6389 4 4.440
5.6458 4 4.465
5.6528 4 4.485
5.6597 4 4.499
5.6667 4 4.506
5.6736 4 4.506
5.6806 4 4.497
5.6875 4 4.479
5.6944 4 4.452
5.7014 4 4.414
5.7083 5 3.938
5.7153 5 4.167
5.7222 5 4.141
5.7292 5 3.858
5.7361 5 3.444
5.7431 4 6.066
5.7500 4 6.723
5.7569 4 7.520
5.7639 4 8.510
5.7708 4 9.774
5.7778 4 11.448
5.7847 4 13.776
5.7917 4 17.246
5.7986 4 22.987
5.8056 4 34.368
5.8125 4 50.000
5.8194 4 50.000
5.8264 4 50.000
5.8333 4 34.995
5.8403 4 23.138
5.8472 4 17.229
5.8542 4 13.683
5.8611 4 11.313
5.8681 4 9.613
5.8750 4 8.333
5.8819 4 7.331
5.8889 4 6.525
5.8958 4 5.862
5.9028 4 5.307
5.9097 5 4.619
5.9167 4 4.797
5.9236 4 4.865
5.9306 4 4.917
5.9375 4 4.955
5.9444 4 4.977
5.9514 4 4.986
5.9583 4 4.983
5.9653 4 4.969
5.9722 4 4.944
5.9792 4 4.910
5.9861 4 4.868
5.9931 4 4.818
6.0000 4 4.762
6.0069 4 4.701
6.0139 4 4.634
6.0208 4 4.564
6.0278 4 4.490
6.0347 4 4.412
6.0417 4 4.332
6.0486 4 4.250
6.0556 4 4.166
6.0625 4 4.081
6.0694 4 3.994
6.0764 4 3.906
6.0833 4 3.818
6.0903 4 3.729
6.0972 4 3.640
6.1042 3 nan
6.1111 3 nan
6.1181 3 nan
6.1250 4 3.400
6.1319 4 3.547
6.1389 4 3.702
6.1458 4 3.866
6.1528 4 4.038
6.1597 4 4.220
6.1667 4 4.412
6.1736 4 4.616
6.1806 4 4.832
6.1875 4 5.062
6.1944 4 5.308
6.2014 4 5.571
6.2083 4 5.853
6.2153 4 6.158
6.2222 4 6.488
6.2292 4 6.847
6.2361 4 7.240
6.2431 4 7.673
6.2500 4 8.153
6.2569 4 8.689
6.2639 4 9.293
6.2708 4 9.978
6.2778 4 10.765
6.2847 4 11.681
6.2917 4 12.760
6.2986 4 14.055
6.3056 4 15.640
6.3125 4 17.629
6.3194 4 20.205
6.3264 4 23.679
6.3333 5 2.591
6.3403 5 2.720
6.3472 5 2.857
6.3542 5 3.003
6.3611 5 3.157
6.3681 5 3.317
6.3750 5 3.484
6.3819 5 3.656
6.3889 5 3.830
6.3958 5 4.005
6.4028 5 4.177
6.4097 5 4.342
6.4167 5 4.496
6.4236 5 4.634
6.4306 5 4.749
6.4375 5 4.836
6.4444 5 4.891
6.4514 5 4.910
6.4583 5 4.892
6.4653 5 4.836
6.4722 5 4.746
6.4792 5 4.625
6.4861 5 4.480
6.4931 5 4.314
6.5000 5 4.135
6.5069 5 3.948
6.5139 5 3.756
6.5208 5 3.564
6.5278 5 3.376
6.5347 5 3.192
6.5417 5 3.016
6.5486 4 31.444
6.5556 4 24.339
6.5625 4 19.858
6.5694 4 16.770
6.5764 4 14.510
6.5833 4 12.783
6.5903 4 11.418
6.5972 4 10.311
6.6042 4 9.393
6.6111 4 8.620
6.6181 4 7.959
6.6250 4 7.386
6.6319 4 6.885
6.6389 4 6.442
6.6458 4 6.048
6.6528 4 5.694
6.6597 4 5.375
6.6667 4 5.085
6.6736 4 4.820
6.6806 4 4.578
6.6875 4 4.356
6.6944 4 4.150
6.7014 4 3.960
6.7083 4 3.784
6.7153 4 3.620
6.7222 3 nan
6.7292 3 nan
6.7361 3 nan
6.7431 3 nan
6.7500 4 3.390
6.7569 4 3.460
6.7639 4 3.528
6.7708 4 3.594
6.7778 4 3.659
6.7847 4 3.722
6.7917 4 3.783
6.7986 4 3.842
6.8056 4 3.899
6.8125 4 3.954
6.8194 4 4.007
6.8264 4 4.058
6.8333 4 4.107
6.8403 4 4.153
6.8472 4 4.196
6.8542 4 4.236
6.8611 4 4.274
6.8681 4 4.308
6.8750 4 4.338
6.8819 4 4.365
6.8889 4 4.387
6.8958 4 4.404
6.9028 4 4.417
6.9097 4 4.424
6.9167 4 4.424
6.9236 4 4.418
6.9306 4 4.405
6.9375 4 4.384
6.9444 4 4.354
6.9514 5 3.758
6.9583 5 4.036
6.9653 5 4.128
6.9722 5 3.973
6.9792 5 3.634
6.9861 5 3.232
6.9931 4 6.159
7.0000 4 6.804
7.0069 4 7.585
7.0139 4 8.549
7.0208 4 9.773
7.0278 4 11.381
7.0347 4 13.596
7.0417 4 16.848
7.0486 4 22.106
7.0556 4 32.095
7.0625 4 50.000
7.0694 4 50.000
7.0764 4 50.000
7.0833 4 39.116
7.0903 4 24.963
7.0972 4 18.259
7.1042 4 14.340
7.1111 4 11.763
7.1181 4 9.935
7.1250 4 8.569
7.1319 4 7.507
7.1389 4 6.657
7.1458 4 5.959
7.1528 4 5.377
7.1597 4 4.882
7.1667 4 4.848
7.1736 4 4.927
7.1806 4 4.990
7.1875 4 5.035
7.1944 4 5.065
7.2014 4 5.079
7.2083 4 5.080
7.2153 4 5.067
7.2222 4 5.042
7.2292 4 5.007
7.2361 4 4.962
7.2431 4 4.908
7.2500 4 4.847
7.2569 4 4.780
7.2639 4 4.706
7.2708 4 4.628
7.2778 4 4.545
7.2847 4 4.459
7.2917 4 4.370
7.2986 4 4.279
7.3056 4 4.185
7.3125 4 4.090
7.3194 4 3.994
7.3264 4 3.897
7.3333 4 3.800
7.3403 4 3.702
7.3472 3 nan
7.3542 3 nan
7.3611 3 nan
7.3681 4 3.522
7.3750 4 3.683
7.3819 4 3.851
7.3889 4 4.029
7.3958 4 4.216
7.4028 4 4.412
7.4097 4 4.620
7.4167 4 4.838
7.4236 4 5.070
7.4306 4 5.316
7.4375 4 5.578
7.4444 4 5.858
7.4514 4 6.157
7.4583 4 6.479
7.4653 4 6.827
7.4722 4 7.204
7.4792 4 7.616
7.4861 4 8.067
7.4931 4 8.566
7.5000 4 9.119
7.5069 4 9.739
7.5139 4 10.440
7.5208 4 11.241
7.5278 4 12.165
7.5347 4 13.246
7.5417 4 14.531
7.5486 4 16.088
7.5556 4 18.015
7.5625 4 20.470
7.5694 4 23.711
7.5764 5 2.506
7.5833 5 2.621
7.5903 5 2.744
7.5972 5 2.875
7.6042 5 3.012
7.6111 5 3.157
7.6181 5 3.307
7.6250 5 3.463
7.6319 5 3.622
7.6389 5 3.785
7.6458 5 3.948
7.6528 5 4.109
7.6597 5 4.265
7.6667 5 4.412
7.6736 5 4.546
7.6806 5 4.661
7.6875 5 4.752
7.6944 5 4.816
7.7014 5 4.848
7.7083 5 4.846
7.7153 5 4.809
7.7222 5 4.738
7.7292 5 4.637
7.7361 5 4.507
7.7431 5 4.356
7.7500 5 4.188
7.7569 5 4.008
7.7639 5 3.821
7.7708 5 3.631
7.7778 5 3.441
7.7847 5 3.254
7.7917 4 50.000
7.7986 4 37.359
7.8056 4 27.502
7.8125 4 21.753
7.8194 4 17.982
7.8264 4 15.316
7.8333 4 13.329
7.8403 4 11.789
7.8472 4 10.559
7.8542 4 9.553
7.8611 4 8.714
7.8681 4 8.003
7.8750 4 7.393
7.8819 4 6.862
7.8889 4 6.396
7.8958 4 5.984
7.9028 4 5.616
7.9097 4 5.286
7.9167 4 4.988
7.9236 4 4.717
7.9306 4 4.470
7.9375 4 4.245
7.9444 4 4.038
7.9514 4 3.847
7.9583 4 3.672
7.9653 4 3.509
7.9722 3 nan
7.9792 3 nan
7.9861 4 3.384
7.9931 4 3.456
8.0000 4 3.526
8.0069 4 3.593
8.0139 4 3.658
8.0208 4 3.720
8.0278 4 3.780
8.0347 4 3.838
8.0417 4 3.893
8.0486 4 3.945
8.0556 4 3.995
8.0625 4 4.043
8.0694 4 4.087
8.0764 4 4.129
8.0833 4 4.168
8.0903 4 4.204
8.0972 4 4.238
8.1042 4 4.267
8.1111 4 4.294
8.1181 4 4.317
8.1250 4 4.335
8.1319 4 4.350
8.1389 4 4.361
8.1458 4 4.366
8.1528 4 4.367
8.1597 4 4.362
8.1667 4 4.352
8.1736 4 4.335
8.1806 4 4.312
8.1875 4 4.281
8.1944 4 4.244
8.2014 5 3.985
8.2083 5 4.057
8.2153 5 3.913
8.2222 5 3.606
8.2292 5 3.237
8.2361 4 5.937
8.2431 4 6.508
8.2500 4 7.187
8.2569 4 8.008
8.2639 4 9.025
8.2708 4 10.319
8.2778 4 12.023
8.2847 4 14.380
8.2917 4 17.859
8.2986 4 23.535
8.3056 4 34.489
8.3125 4 50.000
8.3194 4 50.000
8.3264 4 50.000
8.3333 4 38.951
8.3403 4 25.179
8.3472 4 18.520
8.3542 4 14.585
8.3611 4 11.981
8.3681 4 10.127
8.3750 4 8.736
8.3819 4 7.651
8.3889 4 6.781
8.3958 4 6.067
8.4028 4 5.469
8.4097 3 nan
8.4167 4 4.816
8.4236 4 4.908
8.4306 4 4.983
8.4375 4 5.042
8.4444 4 5.085
8.4514 4 5.112
8.4583 4 5.124
8.4653 4 5.122
8.4722 4 5.106
8.4792 4 5.078
8.4861 4 5.039
8.4931 4 4.990
8.5000 4 4.931
8.5069 4 4.865
8.5139 4 4.791
8.5208 4 4.710
8.5278 4 4.625
8.5347 4 4.534
8.5417 4 4.440
8.5486 4 4.342
8.5556 4 4.242
8.5625 4 4.139
8.5694 4 4.035
8.5764 4 3.929
8.5833 4 3.823
8.5903 3 nan
8.5972 3 nan
8.6042 4 3.472
8.6111 4 3.644
8.6181 4 3.824
8.6250 4 4.015
8.6319 4 4.215
8.6389 4 4.426
8.6458 4 4.649
8.6528 4 4.884
8.6597 4 5.133
8.6667 4 5.397
8.6736 4 5.677
8.6806 4 5.977
8.6875 4 6.297
8.6944 4 6.641
8.7014 4 7.011
8.7083 4 7.412
8.7153 4 7.849
8.7222 4 8.326
8.7292 4 8.851
8.7361 4 9.432
8.7431 4 10.081
8.7500 4 10.811
8.7569 4 11.640
8.7639 4 12.592
8.7708 4 13.699
8.7778 4 15.005
8.7847 4 16.572
8.7917 4 18.492
8.7986 4 20.904
8.8056 4 24.034
8.8125 4 28.269
8.8194 5 2.482
8.8264 5 2.589
8.8333 5 2.703
8.8403 5 2.823
8.8472 5 2.949
8.8542 5 3.081
8.8611 5 3.217
8.8681 5 3.358
8.8750 5 3.503
8.8819 5 3.650
8.8889 5 3.797
8.8958 5 3.945
8.9028 5 4.089
8.9097 5 4.227
8.9167 5 4.355
8.9236 5 4.472
8.9306 5 4.571
8.9375 5 4.650
8.9444 5 4.705
8.9514 5 4.733
8.9583 5 4.731
8.9653 5 4.700
8.9722 5 4.638
8.9792 5 4.550
8.9861 5 4.436
8.9931 5 4.301
9.0000 5 4.149
9.0069 5 3.984
9.0139 5 3.811
9.0208 5 3.632
9.0278 5 3.452
9.0347 5 3.273
9.0417 4 50.000
9.0486 4 49.713
9.0556 4 33.679
9.0625 4 25.433
9.0694 4 20.405
9.0764 4 17.014
9.0833 4 14.571
9.0903 4 12.724
9.0972 4 11.278
9.1042 4 10.114
9.1111 4 9.156
9.1181 4 8.353
9.1250 4 7.669
9.1319 4 7.080
9.1389 4 6.567
9.1458 4 6.115
9.1528 4 5.715
9.1597 4 5.357
9.1667 4 5.036
9.1736 4 4.746
9.1806 4 4.483
9.1875 4 4.244
9.1944 4 4.025
9.2014 4 3.825
9.2083 4 3.642
9.2153 3 nan
9.2222 3 nan
9.2292 4 3.451
9.2361 4 3.529
9.2431 4 3.604
9.2500 4 3.675
9.2569 4 3.743
9.2639 4 3.808
9.2708 4 3.869
9.2778 4 3.927
9.2847 4 3.981
9.2917 4 4.032
9.2986 4 4.080
9.3056 4 4.124
9.3125 4 4.164
9.3194 4 4.202
9.3264 4 4.235
9.3333 4 4.266
9.3403 4 4.292
9.3472 4 4.315
9.3542 4 4.333
9.3611 4 4.348
9.3681 4 4.358
9.3750 4 4.364
9.3819 4 4.365
9.3889 4 4.362
9.3958 4 4.353
9.4028 4 4.339
9.4097 4 4.320
9.4167 4 4.295
9.4236 4 4.264
9.4306 4 4.226
9.4375 4 4.183
9.4444 5 3.996
9.4514 5 3.970
9.4583 5 3.759
9.4653 5 3.437
9.4722 5 3.089
9.4792 4 6.012
9.4861 4 6.572
9.4931 4 7.233
9.5000 4 8.026
9.5069 4 8.998
9.5139 4 10.219
9.5208 4 11.800
9.5278 4 13.938
9.5347 4 16.996
9.5417 4 21.747
9.5486 4 30.163
9.5556 4 49.238
9.5625 4 50.000
9.5694 4 50.000
9.5764 4 50.000
9.5833 4 31.319
9.5903 4 22.026
9.5972 4 16.914
9.6042 4 13.673
9.6111 4 11.429
9.6181 4 9.780
9.6250 4 8.515
9.6319 4 7.511
9.6389 4 6.694
9.6458 4 6.015
9.6528 4 5.441
9.6597 3 nan
9.6667 3 nan
9.6736 4 4.835
9.6806 4 4.918
9.6875 4 4.987
9.6944 4 5.041
9.7014 4 5.081
9.7083 4 5.106
9.7153 4 5.117
9.7222 4 5.114
9.7292 4 5.098
9.7361 4 5.071
9.7431 4 5.032
9.7500 4 4.983
9.7569 4 4.924
9.7639 4 4.857
9.7708 4 4.781
9.7778 4 4.699
9.7847 4 4.611
9.7917 4 4.517
9.7986 4 4.418
9.8056 4 4.315
9.8125 4 4.209
9.8194 4 4.101
9.8264 4 3.990
9.8333 4 3.877
9.8403 3 nan
9.8472 4 3.497
9.8542 4 3.686
9.8611 4 3.886
9.8681 4 4.098
9.8750 4 4.323
9.8819 4 4.561
9.8889 4 4.814
9.8958 4 5.082
9.9028 4 5.369
9.9097 4 5.674
9.9167 4 6.001
9.9236 4 6.353
9.9306 4 6.731
9.9375 4 7.141
9.9444 4 7.586
9.9514 4 8.073
9.9583 4 8.607
9.9653 4 9.197
9.9722 4 9.854
9.9792 4 10.591
9.9861 4 11.425
9.9931 4 12.378
10.0000 4 13.481
10.0069 4 14.773
10.0139 4 16.311
10.0208 4 18.179
10.0278 4 20.499
10.0347 4 23.466
10.0417 4 27.403
10.0486 4 32.893
10.0556 4 41.105
10.0625 5 2.510
10.0694 5 2.616
10.0764 5 2.727
10.0833 5 2.843
10.0903 5 2.963
10.0972 5 3.088
10.1042 5 3.216
10.1111 5 3.348
10.1181 5 3.481
10.1250 5 3.615
10.1319 5 3.749
10.1389 5 3.880
10.1458 5 4.008
10.1528 5 4.130
10.1597 5 4.244
10.1667 5 4.346
10.1736 5 4.434
10.1806 5 4.505
10.1875 5 4.556
10.1944 5 4.585
10.2014 5 4.591
10.2083 5 4.572
10.2153 5 4.528
10.2222 5 4.461
10.2292 5 4.371
10.2361 5 4.262
10.2431 5 4.137
10.2500 5 3.997
10.2569 5 3.847
10.2639 5 3.690
10.2708 5 3.528
10.2778 5 3.364
10.2847 4 50.000
10.2917 4 50.000
10.2986 4 50.000
10.3056 4 40.316
10.3125 4 29.328
10.3194 4 22.997
10.3264 4 18.876
10.3333 4 15.976
10.3403 4 13.822
10.3472 4 12.157
10.3542 4 10.831
10.3611 4 9.748
10.3681 4 8.846
10.3750 4 8.083
10.3819 4 7.429
10.3889 4 6.862
10.3958 4 6.364
10.4028 4 5.925
10.4097 4 5.533
10.4167 4 5.183
10.4236 4 4.867
10.4306 4 4.582
10.4375 4 4.322
10.4444 4 4.086
10.4514 4 3.871
10.4583 4 3.674
10.4653 3 nan
10.4722 4 3.474
10.4792 4 3.563
10.4861 4 3.649
10.4931 4 3.730
10.5000 4 3.807
10.5069 4 3.879
10.5139 4 3.947
10.5208 4 4.011
10.5278 4 4.070
10.5347 4 4.125
10.5417 4 4.175
10.5486 4 4.221
10.5556 4 4.262
10.5625 4 4.299
10.5694 4 4.331
10.5764 4 4.358
10.5833 4 4.381
10.5903 4 4.399
10.5972 4 4.412
10.6042 4 4.420
10.6111 4 4.424
10.6181 4 4.422
10.6250 4 4.414
10.6319 4 4.402
10.6389 4 4.383
10.6458 4 4.359
10.6528 4 4.329
10.6597 4 4.294
10.6667 4 4.252
10.6736 4 4.204
10.6806 5 3.942
10.6875 5 3.992
10.6944 5 3.848
10.7014 5 3.564
10.7083 5 3.224
10.7153 4 5.805
10.7222 4 6.325
10.7292 4 6.931
10.7361 4 7.649
10.7431 4 8.514
10.7500 4 9.577
10.7569 4 10.920
10.7639 4 12.673
10.7708 4 15.066
10.7778 4 18.536
10.7847 4 24.040
10.7917 4 34.146
10.7986 4 50.000
10.8056 4 50.000
10.8125 4 50.000
10.8194 4 49.438
10.8264 4 30.442
10.8333 4 21.909
10.8403 4 17.051
10.8472 4 13.907
10.8542 4 11.702
10.8611 4 10.065
10.8681 4 8.800
10.8750 4 7.791
10.8819 4 6.966
10.8889 4 6.278
10.8958 4 5.694
10.9028 3 nan
10.9097 3 nan
10.9167 3 nan
10.9236 4 4.764
10.9306 4 4.844
10.9375 4 4.912
10.9444 4 4.968
10.9514 4 5.012
10.9583 4 5.042
10.9653 4 5.061
10.9722 4 5.067
10.9792 4 5.061
10.9861 4 5.044
10.9931 4 5.016
11.0000 4 4.978
11.0069 4 4.930
11.0139 4 4.872
11.0208 4 4.806
11.0278 4 4.732
11.0347 4 4.651
11.0417 4 4.563
11.0486 4 4.469
11.0556 4 4.370
11.0625 4 4.267
11.0694 4 4.159
11.0764 4 4.048
11.0833 4 3.934
11.0903 5 3.301
11.0972 4 3.586
11.1042 4 3.793
11.1111 4 4.014
11.1181 4 4.250
11.1250 4 4.503
11.1319 4 4.773
11.1389 4 5.063
11.1458 4 5.374
11.1528 4 5.710
11.1597 4 6.072
11.1667 4 6.465
11.1736 4 6.893
11.1806 4 7.361
11.1875 4 7.875
11.1944 4 8.445
11.2014 4 9.078
11.2083 4 9.789
11.2153 4 10.593
11.2222 4 11.511
11.2292 4 12.572
11.2361 4 13.814
11.2431 4 15.290
11.2500 4 17.078
11.2569 4 19.291
11.2639 4 22.108
11.2708 4 25.824
11.2778 4 30.965
11.2847 4 38.561
11.2917 4 50.000
11.2986 4 50.000
11.3056 5 2.577
11.3125 5 2.687
11.3194 5 2.801
11.3264 5 2.919
11.3333 5 3.041
11.3403 5 3.165
11.3472 5 3.291
11.3542 5 3.418
11.3611 5 3.546
11.3681 5 3.672
11.3750 5 3.795
11.3819 5 3.914
11.3889 5 4.027
11.3958 5 4.132
11.4028 5 4.227
11.4097 5 4.309
11.4167 5 4.376
11.4236 5 4.427
11.4306 5 4.459
11.4375 5 4.472
11.4444 5 4.464
11.4514 5 4.436
11.4583 5 4.387
11.4653 5 4.320
11.4722 5 4.234
11.4792 5 4.133
11.4861 5 4.019
11.4931 5 3.894
11.5000 5 3.760
11.5069 5 3.620
11.5139 5 3.475
11.5208 5 3.328
11.5278 4 50.000
11.5347 4 50.000
11.5417 4 50.000
11.5486 4 50.000
11.5556 4 39.106
11.5625 4 29.154
11.5694 4 23.180
11.5764 4 19.191
11.5833 4 16.336
11.5903 4 14.188
11.5972 4 12.512
11.6042 4 11.166
11.6111 4 10.060
11.6181 4 9.134
11.6250 4 8.348
11.6319 4 7.670
11.6389 4 7.080
11.6458 4 6.562
11.6528 4 6.102
11.6597 4 5.692
11.6667 4 5.323
11.6736 4 4.991
11.6806 4 4.689
11.6875 4 4.415
11.6944 4 4.164
11.7014 4 3.935
11.7083 4 3.726
11.7153 5 3.274
11.7222 4 3.510
11.7292 4 3.609
11.7361 4 3.704
11.7431 4 3.794
11.7500 4 3.879
11.7569 4 3.960
11.7639 4 4.036
11.7708 4 4.106
11.7778 4 4.171
11.7847 4 4.230
11.7917 4 4.285
11.7986 4 4.333
11.8056 4 4.376
11.8125 4 4.413
11.8194 4 4.445
11.8264 4 4.470
11.8333 4 4.490
11.8403 4 4.504
11.8472 4 4.511
11.8542 4 4.512
11.8611 4 4.507
11.8681 4 4.495
11.8750 4 4.476
11.8819 4 4.451
11.8889 4 4.419
11.8958 4 4.381
11.9028 4 4.335
11.9097 4 4.283
11.9167 4 4.225
11.9236 5 4.016
11.9306 5 3.979
11.9375 5 3.752
11.9444 5 3.419
11.9514 5 3.069
11.9583 4 6.173
11.9653 4 6.769
11.9722 4 7.472
11.9792 4 8.314
11.9861 4 9.343
11.9931 4 10.633
12.0000 4 12.301
12.0069 4 14.548
12.0139 4 17.747
12.0208 4 22.683
12.0278 4 31.327
12.0347 4 50.000
12.0417 4 50.000
12.0486 4 50.000
12.0556 4 50.000
12.0625 4 34.933
12.0694 4 24.439
12.0764 4 18.744
12.0833 4 15.160
12.0903 4 12.692
12.0972 4 10.885
12.1042 4 9.501
12.1111 4 8.406
12.1181 4 7.516
12.1250 4 6.777
12.1319 4 6.153
12.1389 3 nan
12.1458 3 nan
12.1528 3 nan
12.1597 3 nan
12.1667 3 nan
12.1736 4 4.726
12.1806 4 4.793
12.1875 4 4.850
12.1944 4 4.897
12.2014 4 4.934
12.2083 4 4.960
12.2153 4 4.975
12.2222 4 4.981
12.2292 4 4.976
12.2361 4 4.962
12.2431 4 4.938
12.2500 4 4.905
12.2569 4 4.864
12.2639 4 4.814
12.2708 4 4.755
12.2778 4 4.690
12.2847 4 4.617
12.2917 4 4.538
12.2986 4 4.452
12.3056 4 4.361
12.3125 4 4.264
12.3194 4 4.163
12.3264 4 4.057
12.3333 5 3.041
12.3403 5 3.269
12.3472 4 3.566
12.3542 4 3.775
12.3611 4 3.999
12.3681 4 4.241
12.3750 4 4.502
12.3819 4 4.784
12.3889 4 5.089
12.3958 4 5.419
12.4028 4 5.778
12.4097 4 6.170
12.4167 4 6.600
12.4236 4 7.073
12.4306 4 7.598
12.4375 4 8.184
12.4444 4 8.842
12.4514 4 9.588
12.4583 4 10.442
12.4653 4 11.430
12.4722 4 12.589
12.4792 4 13.969
12.4861 4 15.642
12.4931 4 17.719
12.5000 4 20.370
12.5069 4 23.877
12.5139 4 28.747
12.5208 4 35.982
12.5278 4 47.887
12.5347 4 50.000
12.5417 4 50.000
12.5486 5 2.652
12.5556 5 2.771
12.5625 5 2.894
12.5694 5 3.021
12.5764 5 3.150
12.5833 5 3.280
12.5903 5 3.411
12.5972 5 3.541
12.6042 5 3.668
12.6111 5 3.793
12.6181 5 3.911
12.6250 5 4.022
12.6319 5 4.124
12.6389 5 4.215
12.6458 5 4.291
12.6528 5 4.353
12.6597 5 4.398
12.6667 5 4.424
12.6736 5 4.432
12.6806 5 4.420
12.6875 5 4.389
12.6944 5 4.340
12.7014 5 4.274
12.7083 5 4.192
12.7153 5 4.097
12.7222 5 3.990
12.7292 5 3.874
12.7361 5 3.750
12.7431 5 3.620
12.7500 5 3.487
12.7569 5 3.352
12.7639 4 50.000
12.7708 4 50.000
12.7778 4 50.000
12.7847 4 50.000
12.7917 4 50.000
12.7986 4 37.936
12.8056 4 29.044
12.8125 4 23.474
12.8194 4 19.654
12.8264 4 16.865
12.8333 4 14.738
12.8403 4 13.060
12.8472 4 11.699
12.8542 4 10.574
12.8611 4 9.625
12.8681 4 8.814
12.8750 4 8.113
12.8819 4 7.499
12.8889 4 6.957
12.8958 4 6.474
12.9028 4 6.042
12.9097 4 5.652
12.9167 4 5.299
12.9236 4 4.977
12.9306 4 4.683
12.9375 4 4.414
12.9444 4 4.166
12.9514 4 3.938
12.9583 4 3.728
12.9653 5 3.253
12.9722 4 3.475
12.9792 4 3.580
12.9861 4 3.681
12.9931 4 3.778
13.0000 4 3.871
13.0069 4 3.960
13.0139 4 4.044
13.0208 4 4.123
13.0278 4 4.196
13.0347 4 4.264
13.0417 4 4.326
13.0486 4 4.382
13.0556 4 4.432
13.0625 4 4.476
13.0694 4 4.513
13.0764 4 4.543
13.0833 4 4.566
13.0903 4 4.581
13.0972 4 4.590
13.1042 4 4.590
13.1111 4 4.583
13.1181 4 4.567
13.1250 4 4.543
13.1319 4 4.511
13.1389 4 4.471
13.1458 4 4.422
13.1528 4 4.365
13.1597 4 4.299
13.1667 5 4.076
13.1736 5 4.044
13.1806 5 3.795
13.1875 5 3.433
13.1944 5 3.058
13.2014 4 6.443
13.2083 4 7.124
13.2153 4 7.938
13.2222 4 8.931
13.2292 4 10.171
13.2361 4 11.769
13.2431 4 13.910
13.2500 4 16.936
13.2569 4 21.553
13.2639 4 29.495
13.2708 4 46.439
13.2778 4 50.000
13.2847 4 50.000
13.2917 4 50.000
13.2986 4 36.465
13.3056 4 25.187
13.3125 4 19.206
13.3194 4 15.492
13.3264 4 12.956
13.3333 4 11.110
13.3403 4 9.703
13.3472 4 8.594
13.3542 4 7.694
13.3611 4 6.949
13.3681 4 6.320
13.3750 3 nan
13.3819 3 nan
13.3889 3 nan
13.3958 3 nan
13.4028 3 nan
13.4097 3 nan
13.4167 4 4.665
13.4236 4 4.721
13.4306 4 4.767
13.4375 4 4.805
13.4444 4 4.835
13.4514 4 4.855
13.4583 4 4.867
13.4653 4 4.871
13.4722 4 4.866
13.4792 4 4.853
13.4861 4 4.833
13.4931 4 4.805
13.5000 4 4.769
13.5069 4 4.727
13.5139 4 4.677
13.5208 4 4.621
13.5278 4 4.559
13.5347 4 4.491
13.5417 4 4.418
13.5486 4 4.339
13.5556 4 4.255
13.5625 4 4.166
13.5694 4 4.073
13.5764 4 3.976
13.5833 5 2.980
13.5903 5 3.197
13.5972 5 3.360
13.6042 4 3.692
13.6111 4 3.904
13.6181 4 4.134
13.6250 4 4.382
13.6319 4 4.652
13.6389 4 4.944
13.6458 4 5.262
13.6528 4 5.610
13.6597 4 5.991
13.6667 4 6.411
13.6736 4 6.877
13.6806 4 7.396
13.6875 4 7.980
13.6944 4 8.640
13.7014 4 9.394
13.7083 4 10.266
13.7153 4 11.285
13.7222 4 12.496
13.7292 4 13.960
13.7361 4 15.768
13.7431 4 18.061
13.7500 4 21.073
13.7569 4 25.209
13.7639 4 31.260
13.7708 4 40.974
13.7778 4 50.000
13.7847 4 50.000
13.7917 5 2.688
13.7986 5 2.818
13.8056 5 2.953
13.8125 5 3.091
13.8194 5 3.232
13.8264 5 3.375
13.8333 5 3.517
13.8403 5 3.657
13.8472 5 3.793
13.8542 5 3.924
13.8611 5 4.046
13.8681 5 4.158
13.8750 5 4.257
13.8819 5 4.341
13.8889 5 4.407
13.8958 5 4.454
13.9028 5 4.480
13.9097 5 4.486
13.9167 5 4.470
13.9236 5 4.434
13.9306 5 4.380
13.9375 5 4.307
13.9444 5 4.220
13.9514 5 4.119
13.9583 5 4.008
13.9653 5 3.888
13.9722 5 3.761
13.9792 5 3.631
13.9861 5 3.498
13.9931 5 3.364
14.0000 4 50.000
14.0069 4 50.000
14.0139 4 50.000
14.0208 4 50.000
14.0278 4 49.265
14.0347 4 35.870
14.0417 4 28.164
14.0486 4 23.150
14.0556 4 19.623
14.0625 4 17.001
14.0694 4 14.973
14.0764 4 13.356
14.0833 4 12.033
14.0903 4 10.930
14.0972 4 9.995
14.1042 4 9.191
14.1111 4 8.491
14.1181 4 7.876
14.1250 4 7.331
14.1319 4 6.843
14.1389 4 6.404
14.1458 4 6.007
14.1528 4 5.645
14.1597 4 5.314
14.1667 4 5.010
14.1736 4 4.730
14.1806 4 4.471
14.1875 4 4.231
14.1944 4 4.009
14.2014 4 3.802
14.2083 4 3.610
14.2153 5 3.175
14.2222 4 3.410
14.2292 4 3.512
14.2361 4 3.612
14.2431 4 3.709
14.2500 4 3.804
14.2569 4 3.895
14.2639 4 3.983
14.2708 4 4.066
14.2778 4 4.146
14.2847 4 4.220
14.2917 4 4.290
14.2986 4 4.354
14.3056 4 4.413
14.3125 4 4.465
14.3194 4 4.511
14.3264 4 4.550
14.3333 4 4.582
14.3403 4 4.607
14.3472 4 4.623
14.3542 4 4.631
14.3611 4 4.630
14.3681 4 4.620
14.3750 4 4.600
14.3819 4 4.570
14.3889 4 4.530
14.3958 4 4.479
14.4028 4 4.419
14.4097 4 4.348
14.4167 5 4.173
14.4236 5 4.031
14.4306 5 3.685
14.4375 5 3.273
14.4444 4 6.367
14.4514 4 7.077
14.4583 4 7.935
14.4653 4 8.994
14.4722 4 10.336
14.4792 4 12.098
14.4861 4 14.518
14.4931 4 18.061
14.5000 4 23.764
14.5069 4 34.507
14.5139 4 50.000
14.5208 4 50.000
14.5278 4 50.000
14.5347 4 44.797
14.5417 4 28.526
14.5486 4 20.910
14.5556 4 16.485
14.5625 4 13.587
14.5694 4 11.537
14.5764 4 10.007
14.5833 4 8.819
14.5903 4 7.869
14.5972 4 7.089
14.6042 4 6.437
14.6111 3 nan
14.6181 3 nan
14.6250 3 nan
14.6319 3 nan
14.6389 3 nan
14.6458 3 nan
14.6528 4 4.614
14.6597 4 4.663
14.6667 4 4.703
14.6736 4 4.734
14.6806 4 4.757
14.6875 4 4.773
14.6944 4 4.780
14.7014 4 4.780
14.7083 4 4.773
14.7153 4 4.758
14.7222 4 4.737
14.7292 4 4.710
14.7361 4 4.677
14.7431 4 4.637
14.7500 4 4.593
14.7569 4 4.543
14.7639 4 4.488
14.7708 4 4.428
14.7778 4 4.363
14.7847 4 4.294
14.7917 4 4.221
14.7986 4 4.145
14.8056 4 4.064
14.8125 4 3.980
14.8194 4 3.893
14.8264 4 3.803
14.8333 5 2.982
14.8403 5 3.162
14.8472 4 3.453
14.8542 4 3.633
14.8611 4 3.829
14.8681 4 4.039
14.8750 4 4.267
14.8819 4 4.513
14.8889 4 4.780
14.8958 4 5.071
14.9028 4 5.388
14.9097 4 5.734
14.9167 4 6.116
14.9236 4 6.538
14.9306 4 7.008
14.9375 4 7.535
14.9444 4 8.130
14.9514 4 8.807
14.9583 4 9.588
14.9653 4 10.498
14.9722 4 11.574
14.9792 4 12.869
14.9861 4 14.458
14.9931 4 16.458
15.0000 4 19.058
15.0069 4 22.581
15.0139 4 27.637
15.0208 4 35.520
15.0278 4 49.551
15.0347 4 50.000
15.0417 5 2.775
15.0486 5 2.917
15.0556 5 3.065
15.0625 5 3.217
15.0694 5 3.372
15.0764 5 3.528
15.0833 5 3.684
15.0903 5 3.836
15.0972 5 3.983
15.1042 5 4.121
15.1111 5 4.247
15.1181 5 4.359
15.1250 5 4.451
15.1319 5 4.523
15.1389 5 4.572
15.1458 5 4.596
15.1528 5 4.594
15.1597 5 4.568
15.1667 5 4.518
15.1736 5 4.447
15.1806 5 4.357
15.1875 5 4.251
15.1944 5 4.132
15.2014 5 4.004
15.2083 5 3.868
15.2153 5 3.728
15.2222 5 3.586
15.2292 5 3.443
15.2361 4 50.000
15.2431 4 50.000
15.2500 4 50.000
15.2569 4 50.000
15.2639 4 39.928
15.2708 4 30.563
15.2778 4 24.749
15.2847 4 20.783
15.2917 4 17.900
15.2986 4 15.706
15.3056 4 13.977
15.3125 4 12.578
15.3194 4 11.421
15.3264 4 10.446
15.3333 4 9.612
15.3403 4 8.890
15.3472 4 8.258
15.3542 4 7.699
15.3611 4 7.200
15.3681 4 6.752
15.3750 4 6.347
15.3819 4 5.978
15.3889 4 5.642
15.3958 4 5.332
15.4028 4 5.047
15.4097 4 4.783
15.4167 4 4.538
15.4236 4 4.310
15.4306 4 4.097
15.4375 4 3.898
15.4444 4 3.712
15.4514 4 3.538
15.4583 5 3.075
15.4653 5 3.047
15.4722 4 3.367
15.4792 4 3.460
15.4861 4 3.552
15.4931 4 3.642
15.5000 4 3.731
15.5069 4 3.817
15.5139 4 3.901
15.5208 4 3.982
15.5278 4 4.060
15.5347 4 4.135
15.5417 4 4.205
15.5486 4 4.272
15.5556 4 4.335
15.5625 4 4.392
15.5694 4 4.445
15.5764 4 4.491
15.5833 4 4.532
15.5903 4 4.566
15.5972 4 4.592
15.6042 4 4.611
15.6111 4 4.621
15.6181 4 4.622
15.6250 4 4.613
15.6319 4 4.594
15.6389 4 4.564
15.6458 4 4.522
15.6528 4 4.469
15.6597 4 4.404
15.6667 5 4.237
15.6736 5 4.100
15.6806 5 3.737
15.6875 5 3.297
15.6944 4 6.522
15.7014 4 7.295
15.7083 4 8.244
15.7153 4 9.439
15.7222 4 10.994
15.7292 4 13.106
15.7361 4 16.145
15.7431 4 20.912
15.7500 4 29.494
15.7569 4 49.614
15.7639 4 50.000
15.7708 4 50.000
15.7778 4 48.775
15.7847 4 29.424
15.7917 4 21.054
15.7986 4 16.374
15.8056 4 13.378
15.8125 4 11.291
15.8194 4 9.751
15.8264 4 8.566
15.8333 4 7.623
15.8403 4 6.854
15.8472 4 6.215
15.8542 3 nan
15.8611 3 nan
15.8681 3 nan
15.8750 3 nan
15.8819 3 nan
15.8889 4 4.642
15.8958 4 4.687
15.9028 4 4.722
15.9097 4 4.747
15.9167 4 4.764
15.9236 4 4.771
15.9306 4 4.771
15.9375 4 4.763
15.9444 4 4.748
15.9514 4 4.726
15.9583 4 4.698
15.9653 4 4.664
15.9722 4 4.624
15.9792 4 4.580
15.9861 4 4.530
15.9931 4 4.477
16.0000 4 4.419
16.0069 4 4.357
16.0139 4 4.292
16.0208 4 4.223
16.0278 4 4.152
16.0347 4 4.078
16.0417 4 4.001
16.0486 4 3.921
16.0556 4 3.840
16.0625 4 3.756
16.0694 4 3.670
16.0764 5 2.903
16.0833 5 3.060
16.0903 4 3.335
16.0972 4 3.495
16.1042 4 3.667
16.1111 4 3.851
16.1181 4 4.048
16.1250 4 4.260
16.1319 4 4.488
16.1389 4 4.735
16.1458 4 5.001
16.1528 4 5.290
16.1597 4 5.604
16.1667 4 5.948
16.1736 4 6.327
16.1806 4 6.745
16.1875 4 7.210
16.1944 4 7.732
16.2014 4 8.321
16.2083 4 8.993
16.2153 4 9.768
16.2222 4 10.673
16.2292 4 11.745
16.2361 4 13.037
16.2431 4 14.627
16.2500 4 16.637
16.2569 4 19.262
16.2639 4 22.843
16.2708 4 28.028
16.2778 4 36.228
16.2847 4 50.000
16.2917 5 2.783
16.2986 5 2.928
16.3056 5 3.080
16.3125 5 3.238
16.3194 5 3.400
16.3264 5 3.565
16.3333 5 3.731
16.3403 5 3.895
16.3472 5 4.054
16.3542 5 4.204
16.3611 5 4.342
16.3681 5 4.462
16.3750 5 4.563
16.3819 5 4.638
16.3889 5 4.686
16.3958 5 4.705
16.4028 5 4.693
16.4097 5 4.653
16.4167 5 4.585
16.4236 5 4.494
16.4306 5 4.381
16.4375 5 4.253
16.4444 5 4.112
16.4514 5 3.962
16.4583 5 3.808
16.4653 5 3.651
16.4722 5 3.493
16.4792 4 50.000
16.4861 4 50.000
16.4931 4 50.000
16.5000 4 41.041
16.5069 4 30.663
16.5139 4 24.486
16.5208 4 20.383
16.5278 4 17.455
16.5347 4 15.258
16.5417 4 13.545
16.5486 4 12.171
16.5556 4 11.042
16.5625 4 10.096
16.5694 4 9.292
16.5764 4 8.598
16.5833 4 7.993
16.5903 4 7.459
16.5972 4 6.985
16.6042 4 6.560
16.6111 4 6.176
16.6181 4 5.828
16.6250 4 5.511
16.6319 4 5.219
16.6389 4 4.951
16.6458 4 4.703
16.6528 4 4.473
16.6597 4 4.259
16.6667 4 4.059
16.6736 4 3.873
16.6806 4 3.699
16.6875 4 3.535
16.6944 4 3.382
16.7014 5 2.992
16.7083 5 2.944
16.7153 4 3.298
16.7222 4 3.380
16.7292 4 3.462
16.7361 4 3.543
16.7431 4 3.622
16.7500 4 3.700
16.7569 4 3.776
16.7639 4 3.851
16.7708 4 3.923
16.7778 4 3.993
16.7847 4 4.060
16.7917 4 4.125
16.7986 4 4.187
16.8056 4 4.245
16.8125 4 4.300
16.8194 4 4.351
16.8264 4 4.398
16.8333 4 4.440
16.8403 4 4.476
16.8472 4 4.507
16.8542 4 4.531
16.8611 4 4.548
16.8681 4 4.558
16.8750 4 4.559
16.8819 4 4.551
16.8889 4 4.533
16.8958 4 4.504
16.9028 4 4.464
16.9097 4 4.412
16.9167 5 4.243
16.9236 5 4.165
16.9306 5 3.836
16.9375 5 3.399
16.9444 4 6.381
16.9514 4 7.123
16.9583 4 8.037
16.9653 4 9.189
16.9722 4 10.690
16.9792 4 12.731
16.9861 4 15.677
16.9931 4 20.314
17.0000 4 28.712
17.0069 4 48.658
17.0139 4 50.000
17.0208 4 50.000
17.0278 4 45.560
17.0347 4 27.673
17.0417 4 19.842
17.0486 4 15.438
17.0556 4 12.610
17.0625 4 10.635
17.0694 4 9.176
17.0764 4 8.052
17.0833 4 7.158
17.0903 4 6.428
17.0972 3 nan
17.1042 3 nan
17.1111 3 nan
17.1181 3 nan
17.1250 4 4.711
17.1319 4 4.767
17.1389 4 4.809
17.1458 4 4.839
17.1528 4 4.858
17.1597 4 4.865
17.1667 4 4.863
17.1736 4 4.851
17.1806 4 4.830
17.1875 4 4.801
17.1944 4 4.766
17.2014 4 4.724
17.2083 4 4.676
17.2153 4 4.622
17.2222 4 4.564
17.2292 4 4.502
17.2361 4 4.436
17.2431 4 4.366
17.2500 4 4.294
17.2569 4 4.218
17.2639 4 4.141
17.2708 4 4.061
17.2778 4 3.979
17.2847 4 3.896
17.2917 4 3.811
17.2986 4 3.725
17.3056 4 3.638
17.3125 4 3.551
17.3194 5 2.948
17.3264 5 3.066
17.3333 4 3.349
17.3403 4 3.502
17.3472 4 3.666
17.3542 4 3.840
17.3611 4 4.025
17.3681 4 4.222
17.3750 4 4.432
17.3819 4 4.656
17.3889 4 4.897
17.3958 4 5.156
17.4028 4 5.434
17.4097 4 5.736
17.4167 4 6.064
17.4236 4 6.422
17.4306 4 6.815
17.4375 4 7.250
17.4444 4 7.732
17.4514 4 8.273
17.4583 4 8.884
17.4653 4 9.580
17.4722 4 10.384
17.4792 4 11.322
17.4861 4 12.434
17.4931 4 13.776
17.5000 4 15.432
17.5069 4 17.528
17.5139 4 20.275
17.5208 4 24.038
17.5278 4 29.521
17.5347 4 38.274
17.5417 4 50.000
17.5486 5 2.893
17.5556 5 3.039
17.5625 5 3.192
17.5694 5 3.350
17.5764 5 3.513
17.5833 5 3.679
17.5903 5 3.846
17.5972 5 4.010
17.6042 5 4.169
17.6111 5 4.318
17.6181 5 4.453
17.6250 5 4.569
17.6319 5 4.661
17.6389 5 4.726
17.6458 5 4.760
17.6528 5 4.761
17.6597 5 4.728
17.6667 5 4.665
17.6736 5 4.573
17.6806 5 4.456
17.6875 5 4.319
17.6944 5 4.167
17.7014 5 4.005
17.7083 5 3.837
17.7153 5 3.665
17.7222 5 3.494
17.7292 4 50.000
17.7361 4 50.000
17.7431 4 46.832
17.7500 4 32.920
17.7569 4 25.397
17.7639 4 20.678
17.7708 4 17.437
17.7778 4 15.071
17.7847 4 13.265
17.7917 4 11.840
17.7986 4 10.685
17.8056 4 9.728
17.8125 4 8.922
17.8194 4 8.233
17.8264 4 7.636
17.8333 4 7.113
17.8403 4 6.651
17.8472 4 6.240
17.8542 4 5.870
17.8611 4 5.537
17.8681 4 5.234
17.8750 4 4.957
17.8819 4 4.703
17.8889 4 4.470
17.8958 4 4.254
17.9028 4 4.054
17.9097 4 3.869
17.9167 4 3.696
17.9236 4 3.535
17.9306 4 3.385
17.9375 5 2.970
17.9444 5 2.932
17.9514 4 3.241
17.9583 4 3.316
17.9653 4 3.390
17.9722 4 3.462
17.9792 4 3.533
17.9861 4 3.603
17.9931 4 3.670
18.0000 4 3.737
18.0069 4 3.801
18.0139 4 3.864
18.0208 4 3.924
18.0278 4 3.983
18.0347 4 4.039
18.0417 4 4.093
18.0486 4 4.144
18.0556 4 4.193
18.0625 4 4.238
18.0694 4 4.281
18.0764 4 4.320
18.0833 4 4.354
18.0903 4 4.385
18.0972 4 4.411
18.1042 4 4.432
18.1111 4 4.447
18.1181 4 4.456
18.1250 4 4.458
18.1319 4 4.453
18.1389 4 4.439
18.1458 4 4.417
18.1528 4 4.385
18.1597 4 4.343
18.1667 4 4.290
18.1736 5 4.108
18.1806 5 3.794
18.1875 4 5.665
18.1944 4 6.236
18.2014 4 6.918
18.2083 4 7.750
18.2153 4 8.789
18.2222 4 10.124
18.2292 4 11.909
18.2361 4 14.422
18.2431 4 18.234
18.2500 4 24.724
18.2569 4 38.298
18.2639 4 50.000
18.2708 4 50.000
18.2778 4 50.000
18.2847 4 31.860
18.2917 4 21.739
18.2986 4 16.449
18.3056 4 13.192
18.3125 4 10.980
18.3194 4 9.376
18.3264 4 8.158
18.3333 4 7.200
18.3403 4 6.425
18.3472 4 5.785
18.3542 3 nan
18.3611 3 nan
18.3681 4 4.789
18.3750 4 4.863
18.3819 4 4.922
18.3889 4 4.965
18.3958 4 4.992
18.4028 4 5.006
18.4097 4 5.006
18.4167 4 4.995
18.4236 4 4.972
18.4306 4 4.939
18.4375 4 4.897
18.4444 4 4.846
18.4514 4 4.789
18.4583 4 4.725
18.4653 4 4.656
18.4722 4 4.582
18.4792 4 4.503
18.4861 4 4.421
18.4931 4 4.336
18.5000 4 4.248
18.5069 4 4.158
18.5139 4 4.066
18.5208 4 3.973
18.5278 4 3.879
18.5347 4 3.784
18.5417 4 3.689
18.5486 4 3.594
18.5556 5 2.940
18.5625 5 3.065
18.5694 4 3.333
18.5764 4 3.487
18.5833 4 3.650
18.5903 4 3.822
18.5972 4 4.003
18.6042 4 4.194
18.6111 4 4.397
18.6181 4 4.612
18.6250 4 4.840
18.6319 4 5.083
18.6389 4 5.341
18.6458 4 5.619
18.6528 4 5.916
18.6597 4 6.237
18.6667 4 6.585
18.6736 4 6.963
18.6806 4 7.377
18.6875 4 7.833
18.6944 4 8.337
18.7014 4 8.900
18.7083 4 9.533
18.7153 4 10.252
18.7222 4 11.078
18.7292 4 12.037
18.7361 4 13.167
18.7431 4 14.522
18.7500 4 16.180
18.7569 4 18.260
18.7639 4 20.950
18.7708 4 24.578
18.7778 4 29.745
18.7847 4 37.717
18.7917 4 50.000
18.7986 5 2.876
18.8056 5 3.011
18.8125 5 3.153
18.8194 5 3.301
18.8264 5 3.454
18.8333 5 3.610
18.8403 5 3.769
18.8472 5 3.927
18.8542 5 4.083
18.8611 5 4.232
18.8681 5 4.371
18.8750 5 4.496
18.8819 5 4.602
18.8889 5 4.683
18.8958 5 4.737
18.9028 5 4.760
18.9097 5 4.750
18.9167 5 4.706
18.9236 5 4.631
18.9306 5 4.528
18.9375 5 4.400
18.9444 5 4.252
18.9514 5 4.090
18.9583 5 3.918
18.9653 5 3.740
18.9722 5 3.560
18.9792 5 3.381
18.9861 4 50.000
18.9931 4 50.000
19.0000 4 36.255
19.0069 4 26.869
19.0139 4 21.337
19.0208 4 17.685
19.0278 4 15.092
19.0347 4 13.153
19.0417 4 11.646
19.0486 4 10.440
19.0556 4 9.453
19.0625 4 8.628
19.0694 4 7.928
19.0764 4 7.326
19.0833 4 6.803
19.0903 4 6.343
19.0972 4 5.935
19.1042 4 5.571
19.1111 4 5.244
19.1181 4 4.949
19.1250 4 4.680
19.1319 4 4.436
19.1389 4 4.212
19.1458 4 4.006
19.1528 4 3.816
19.1597 4 3.641
19.1667 4 3.480
19.1736 4 3.330
19.1806 5 2.987
19.1875 5 2.901
19.1944 4 3.338
19.2014 4 3.408
19.2083 4 3.477
19.2153 4 3.544
19.2222 4 3.608
19.2292 4 3.670
19.2361 4 3.730
19.2431 4 3.788
19.2500 4 3.844
19.2569 4 3.898
19.2639 4 3.949
19.2708 4 3.998
19.2778 4 4.044
19.2847 4 4.088
19.2917 4 4.130
19.2986 4 4.169
19.3056 4 4.205
19.3125 4 4.238
19.3194 4 4.268
19.3264 4 4.294
19.3333 4 4.317
19.3403 4 4.336
19.3472 4 4.351
19.3542 4 4.361
19.3611 4 4.367
19.3681 4 4.367
19.3750 4 4.361
19.3819 4 4.349
19.3889 4 4.330
19.3958 4 4.304
19.4028 4 4.270
19.4097 4 4.229
19.4167 4 4.179
19.4236 5 3.864
19.4306 4 5.334
19.4375 4 5.808
19.4444 4 6.365
19.4514 4 7.027
19.4583 4 7.830
19.4653 4 8.824
19.4722 4 10.089
19.4792 4 11.758
19.4861 4 14.068
19.4931 4 17.482
19.5000 4 23.063
19.5069 4 33.870
19.5139 4 50.000
19.5208 4 50.000
19.5278 4 50.000
19.5347 4 37.735
19.5417 4 24.463
19.5486 4 18.022
19.5556 4 14.209
19.5625 4 11.683
19.5694 4 9.883
19.5764 4 8.533
19.5833 4 7.481
19.5903 4 6.637
19.5972 4 5.944
19.6042 3 nan
19.6111 4 4.703
19.6181 4 4.814
19.6250 4 4.908
19.6319 4 4.984
19.6389 4 5.043
19.6458 4 5.085
19.6528 4 5.110
19.6597 4 5.119
19.6667 4 5.114
19.6736 4 5.094
19.6806 4 5.062
19.6875 4 5.019
19.6944 4 4.965
19.7014 4 4.903
19.7083 4 4.832
19.7153 4 4.754
19.7222 4 4.669
19.7292 4 4.580
19.7361 4 4.486
19.7431 4 4.388
19.7500 4 4.287
19.7569 4 4.184
19.7639 4 4.079
19.7708 4 3.972
19.7778 4 3.865
19.7847 4 3.757
19.7917 5 2.949
19.7986 5 3.109
19.8056 5 3.208
19.8125 4 3.535
19.8194 4 3.712
19.8264 4 3.898
19.8333 4 4.094
19.8403 4 4.301
19.8472 4 4.519
19.8542 4 4.749
19.8611 4 4.993
19.8681 4 5.252
19.8750 4 5.526
19.8819 4 5.819
19.8889 4 6.132
19.8958 4 6.468
19.9028 4 6.830
19.9097 4 7.221
19.9167 4 7.646
19.9236 4 8.111
19.9306 4 8.621
19.9375 4 9.186
19.9444 4 9.815
19.9514 4 10.523
19.9583 4 11.325
19.9653 4 12.244
19.9722 4 13.311
19.9792 4 14.567
19.9861 4 16.071
19.9931 4 17.907
20.0000 4 20.207
20.0069 4 23.177
20.0139 4 27.172
20.0208 4 32.847
20.0278 4 41.565
20.0347 4 50.000
20.0417 5 2.797
20.0486 5 2.918
20.0556 5 3.044
20.0625 5 3.176
20.0694 5 3.312
20.0764 5 3.452
20.0833 5 3.595
20.0903 5 3.739
20.0972 5 3.883
20.1042 5 4.025
20.1111 5 4.162
20.1181 5 4.290
20.1250 5 4.406
20.1319 5 4.507
20.1389 5 4.589
20.1458 5 4.647
20.1528 5 4.678
20.1597 5 4.681
20.1667 5 4.653
20.1736 5 4.596
20.1806 5 4.511
20.1875 5 4.401
20.1944 5 4.269
20.2014 5 4.119
20.2083 5 3.957
20.2153 5 3.786
20.2222 5 3.609
20.2292 5 3.431
20.2361 4 50.000
20.2431 4 50.000
20.2500 4 50.000
20.2569 4 33.718
20.2639 4 25.263
20.2708 4 20.170
20.2778 4 16.764
20.2847 4 14.324
20.2917 4 12.487
20.2986 4 11.053
20.3056 4 9.901
20.3125 4 8.955
20.3194 4 8.164
20.3264 4 7.492
20.3333 4 6.913
20.3403 4 6.409
20.3472 4 5.967
20.3542 4 5.575
20.3611 4 5.225
20.3681 4 4.912
20.3750 4 4.629
20.3819 4 4.372
20.3889 4 4.139
20.3958 4 3.927
20.4028 4 3.732
20.4097 4 3.554
20.4167 5 3.114
20.4236 5 3.056
20.4306 5 2.938
20.4375 4 3.469
20.4444 4 3.541
20.4514 4 3.610
20.4583 4 3.676
20.4653 4 3.739
20.4722 4 3.799
20.4792 4 3.856
20.4861 4 3.909
20.4931 4 3.960
20.5000 4 4.008
20.5069 4 4.052
20.5139 4 4.094
20.5208 4 4.133
20.5278 4 4.168
20.5347 4 4.201
20.5417 4 4.230
20.5486 4 4.257
20.5556 4 4.280
20.5625 4 4.300
20.5694 4 4.316
20.5764 4 4.328
20.5833 4 4.337
20.5903 4 4.342
20.5972 4 4.342
20.6042 4 4.338
20.6111 4 4.330
20.6181 4 4.316
20.6250 4 4.297
20.6319 4 4.272
20.6389 4 4.242
20.6458 4 4.205
20.6528 4 4.162
20.6597 4 4.113
20.6667 4 4.972
20.6736 4 5.364
20.6806 4 5.814
20.6875 4 6.336
20.6944 4 6.949
20.7014 4 7.682
20.7083 4 8.573
20.7153 4 9.683
20.7222 4 11.108
20.7292 4 13.006
20.7361 4 15.669
20.7431 4 19.690
20.7500 4 26.480
20.7569 4 40.464
20.7639 4 50.000
20.7708 4 50.000
20.7778 4 50.000
20.7847 4 35.085
20.7917 4 23.666
20.7986 4 17.772
20.8056 4 14.165
20.8125 4 11.726
20.8194 4 9.963
20.8264 4 8.626
20.8333 4 7.576
20.8403 4 6.728
20.8472 4 6.028
20.8542 4 5.439
20.8611 4 4.590
20.8681 4 4.716
20.8750 4 4.828
20.8819 4 4.924
20.8889 4 5.004
20.8958 4 5.067
20.9028 4 5.113
20.9097 4 5.143
20.9167 4 5.156
20.9236 4 5.154
20.9306 4 5.138
20.9375 4 5.107
20.9444 4 5.064
20.9514 4 5.010
20.9583 4 4.944
20.9653 4 4.870
20.9722 4 4.786
20.9792 4 4.695
20.9861 4 4.598
20.9931 4 4.495
21.0000 4 4.388
21.0069 4 4.276
21.0139 4 4.162
21.0208 4 4.045
21.0278 4 3.927
21.0347 5 3.044
21.0417 5 3.233
21.0486 5 3.347
21.0556 4 3.706
21.0625 4 3.912
21.0694 4 4.131
21.0764 4 4.362
21.0833 4 4.607
21.0903 4 4.867
21.0972 4 5.144
21.1042 4 5.438
21.1111 4 5.751
21.1181 4 6.087
21.1250 4 6.446
21.1319 4 6.834
21.1389 4 7.252
21.1458 4 7.707
21.1528 4 8.202
21.1597 4 8.746
21.1667 4 9.346
21.1736 4 10.012
21.1806 4 10.758
21.1875 4 11.601
21.1944 4 12.562
21.2014 4 13.672
21.2083 4 14.969
21.2153 4 16.510
21.2222 4 18.375
21.2292 4 20.684
21.2361 4 23.623
21.2431 4 27.502
21.2500 4 32.872
21.2569 4 40.821
21.2639 4 50.000
21.2708 4 50.000
21.2778 4 50.000
21.2847 5 2.799
21.2917 5 2.912
21.2986 5 3.029
21.3056 5 3.149
21.3125 5 3.273
21.3194 5 3.399
21.3264 5 3.526
21.3333 5 3.655
21.3403 5 3.782
21.3472 5 3.907
21.3542 5 4.028
21.3611 5 4.142
21.3681 5 4.247
21.3750 5 4.340
21.3819 5 4.419
21.3889 5 4.479
21.3958 5 4.519
21.4028 5 4.537
21.4097 5 4.531
21.4167 5 4.500
21.4236 5 4.445
21.4306 5 4.366
21.4375 5 4.266
21.4444 5 4.147
21.4514 5 4.013
21.4583 5 3.866
21.4653 5 3.710
21.4722 5 3.549
21.4792 5 3.384
21.4861 4 50.000
21.4931 4 50.000
21.5000 4 50.000
21.5069 4 44.783
21.5139 4 31.204
21.5208 4 23.884
21.5278 4 19.302
21.5347 4 16.160
21.5417 4 13.870
21.5486 4 12.124
21.5556 4 10.748
21.5625 4 9.635
21.5694 4 8.715
21.5764 4 7.942
21.5833 4 7.282
21.5903 4 6.713
21.5972 4 6.216
21.6042 4 5.778
21.6111 4 5.390
21.6181 4 5.044
21.6250 4 4.733
21.6319 4 4.453
21.6389 4 4.199
21.6458 4 3.969
21.6528 4 3.759
21.6597 4 3.568
21.6667 5 3.190
21.6736 5 3.076
21.6806 4 3.572
21.6875 4 3.653
21.6944 4 3.730
21.7014 4 3.802
21.7083 4 3.870
21.7153 4 3.934
21.7222 4 3.993
21.7292 4 4.048
21.7361 4 4.099
21.7431 4 4.146
21.7500 4 4.189
21.7569 4 4.228
21.7639 4 4.263
21.7708 4 4.294
21.7778 4 4.321
21.7847 4 4.344
21.7917 4 4.364
21.7986 4 4.379
21.8056 4 4.390
21.8125 4 4.397
21.8194 4 4.400
21.8264 4 4.399
21.8333 4 4.393
21.8403 4 4.383
21.8472 4 4.368
21.8542 4 4.348
21.8611 4 4.324
21.8681 4 4.294
21.8750 4 4.260
21.8819 4 4.220
21.8889 4 4.175
21.8958 4 4.124
21.9028 4 4.873
21.9097 4 5.243
21.9167 4 5.663
21.9236 4 6.145
21.9306 4 6.704
21.9375 4 7.361
21.9444 4 8.146
21.9514 4 9.101
21.9583 4 10.293
21.9653 4 11.823
21.9722 4 13.866
21.9792 4 16.739
21.9861 4 21.091
21.9931 4 28.485
22.0000 4 43.885
22.0069 4 50.000
22.0139 4 50.000
22.0208 4 50.000
22.0278 4 36.634
22.0347 4 24.875
22.0417 4 18.748
22.0486 4 14.982
22.0556 4 12.426
22.0625 4 10.574
22.0694 4 9.168
22.0764 4 8.061
22.0833 4 7.166
22.0903 4 6.426
22.0972 4 5.803
22.1042 4 5.272
22.1111 4 4.460
22.1181 4 4.585
22.1250 4 4.699
22.1319 4 4.801
22.1389 4 4.891
22.1458 4 4.966
22.1528 4 5.028
22.1597 4 5.074
22.1667 4 5.106
22.1736 4 5.122
22.1806 4 5.125
22.1875 4 5.113
22.1944 4 5.088
22.2014 4 5.050
22.2083 4 5.000
22.2153 4 4.938
22.2222 4 4.867
22.2292 4 4.785
22.2361 4 4.695
22.2431 4 4.598
22.2500 4 4.494
22.2569 4 4.383
22.2639 4 4.268
22.2708 4 4.148
22.2778 4 4.026
22.2847 5 3.205
22.2917 5 3.398
22.2986 5 3.490
22.3056 4 3.943
22.3125 4 4.184
22.3194 4 4.443
22.3264 4 4.720
22.3333 4 5.017
22.3403 4 5.335
22.3472 4 5.678
22.3542 4 6.047
22.3611 4 6.447
22.3681 4 6.881
22.3750 4 7.355
22.3819 4 7.874
22.3889 4 8.445
22.3958 4 9.079
22.4028 4 9.787
22.4097 4 10.583
22.4167 4 11.486
22.4236 4 12.523
22.4306 4 13.727
22.4375 4 15.144
22.4444 4 16.840
22.4514 4 18.911
22.4583 4 21.504
22.4653 4 24.850
22.4722 4 29.346
22.4792 4 35.725
22.4861 4 45.507
22.4931 4 50.000
22.5000 4 50.000
22.5069 4 50.000
22.5139 4 50.000
22.5208 5 2.750
22.5278 5 2.857
22.5347 5 2.968
22.5417 5 3.080
22.5486 5 3.195
22.5556 5 3.312
22.5625 5 3.429
22.5694 5 3.545
22.5764 5 3.661
22.5833 5 3.773
22.5903 5 3.881
22.5972 5 3.984
22.6042 5 4.078
22.6111 5 4.164
22.6181 5 4.237
22.6250 5 4.297
22.6319 5 4.341
22.6389 5 4.367
22.6458 5 4.375
22.6528 5 4.364
22.6597 5 4.333
22.6667 5 4.282
22.6736 5 4.213
22.6806 5 4.127
22.6875 5 4.025
22.6944 5 3.910
22.7014 5 3.784
22.7083 5 3.650
22.7153 5 3.509
22.7222 5 3.364
22.7292 5 3.217
22.7361 4 50.000
22.7431 4 50.000
22.7500 4 50.000
22.7569 4 49.624
22.7639 4 34.104
22.7708 4 25.894
22.7778 4 20.809
22.7847 4 17.345
22.7917 4 14.832
22.7986 4 12.923
22.8056 4 11.422
22.8125 4 10.210
22.8194 4 9.210
22.8264 4 8.371
22.8333 4 7.655
22.8403 4 7.038
22.8472 4 6.499
22.8542 4 6.026
22.8611 4 5.606
22.8681 4 5.231
22.8750 4 4.895
22.8819 4 4.591
22.8889 4 4.317
22.8958 4 4.068
22.9028 4 3.841
22.9097 4 3.635
22.9167 5 3.258
22.9236 5 3.127
22.9306 4 3.677
22.9375 4 3.767
22.9444 4 3.851
22.9514 4 3.930
22.9583 4 4.005
22.9653 4 4.073
22.9722 4 4.137
22.9792 4 4.195
22.9861 4 4.248
22.9931 4 4.296
23.0000 4 4.338
23.0069 4 4.376
23.0139 4 4.408
23.0208 4 4.436
23.0278 4 4.458
23.0347 4 4.475
23.0417 4 4.487
23.0486 4 4.494
23.0556 4 4.497
23.0625 4 4.493
23.0694 4 4.485
23.0764 4 4.472
23.0833 4 4.453
23.0903 4 4.429
23.0972 4 4.400
23.1042 4 4.365
23.1111 4 4.325
23.1181 4 4.280
23.1250 4 4.229
23.1319 4 4.174
23.1389 5 3.915
23.1458 4 5.178
23.1528 4 5.598
23.1597 4 6.079
23.1667 4 6.634
23.1736 4 7.284
23.1806 4 8.057
23.1875 4 8.991
23.1944 4 10.146
23.2014 4 11.614
23.2083 4 13.549
23.2153 4 16.221
23.2222 4 20.162
23.2292 4 26.582
23.2361 4 38.936
23.2431 4 50.000
23.2500 4 50.000
23.2569 4 50.000
23.2639 4 44.857
23.2708 4 28.974
23.2778 4 21.325
23.2847 4 16.814
23.2917 4 13.833
23.2986 4 11.712
23.3056 4 10.122
23.3125 4 8.884
23.3194 4 7.890
23.3264 4 7.073
23.3333 4 6.389
23.3403 4 5.807
23.3472 4 5.305
23.3542 3 nan
23.3611 4 4.394
23.3681 4 4.505
23.3750 4 4.608
23.3819 4 4.702
23.3889 4 4.785
23.3958 4 4.858
23.4028 4 4.919
23.4097 4 4.968
23.4167 4 5.005
23.4236 4 5.029
23.4306 4 5.041
23.4375 4 5.041
23.4444 4 5.028
23.4514 4 5.003
23.4583 4 4.967
23.4653 4 4.920
23.4722 4 4.862
23.4792 4 4.794
23.4861 4 4.717
23.4931 4 4.631
23.5000 4 4.537
23.5069 4 4.436
23.5139 4 4.329
23.5208 4 4.215
23.5278 4 4.097
23.5347 5 3.227
23.5417 5 3.441
23.5486 5 3.553
23.5556 4 4.007
23.5625 4 4.264
23.5694 4 4.542
23.5764 4 4.843
23.5833 4 5.168
23.5903 4 5.522
23.5972 4 5.907
23.6042 4 6.328
23.6111 4 6.789
23.6181 4 7.299
23.6250 4 7.864
23.6319 4 8.494
23.6389 4 9.203
23.6458 4 10.007
23.6528 4 10.928
23.6597 4 11.994
23.6667 4 13.244
23.6736 4 14.734
23.6806 4 16.543
23.6875 4 18.789
23.6944 4 21.659
23.7014 4 25.464
23.7083 4 30.758
23.7153 4 38.652
23.7222 4 50.000
23.7292 4 50.000
23.7361 4 50.000
23.7431 4 50.000
23.7500 4 50.000
23.7569 4 50.000
23.7639 5 2.826
23.7708 5 2.937
23.7778 5 3.050
23.7847 5 3.165
23.7917 5 3.279
23.7986 5 3.394
23.8056 5 3.507
23.8125 5 3.617
23.8194 5 3.724
23.8264 5 3.825
23.8333 5 3.920
23.8403 5 4.006
23.8472 5 4.083
23.8542 5 4.148
23.8611 5 4.200
23.8681 5 4.237
23.8750 5 4.259
23.8819 5 4.265
23.8889 5 4.254
23.8958 5 4.226
23.9028 5 4.181
23.9097 5 4.121
23.9167 5 4.047
23.9236 5 3.959
23.9306 5 3.860
23.9375 5 3.751
23.9444 5 3.633
23.9514 5 3.510
23.9583 5 3.382
23.9653 5 3.252
23.9722 5 3.120
23.9792 4 50.000
23.9861 4 50.000
23.9931 4 50.000
24.0000 4 50.000
24.0069 4 39.556
24.0139 4 29.554
24.0208 4 23.516
24.0278 4 19.470
24.0347 4 16.567
24.0417 4 14.379
24.0486 4 12.670
24.0556 4 11.296
24.0625 4 10.167
24.0694 4 9.221
24.0764 4 8.416
24.0833 4 7.723
24.0903 4 7.120
24.0972 4 6.589
24.1042 4 6.119
24.1111 4 5.699
24.1181 4 5.322
24.1250 4 4.981
24.1319 4 4.673
24.1389 4 4.392
24.1458 4 4.136
24.1528 4 3.902
24.1597 4 3.688
24.1667 5 3.294
24.1736 5 3.175
24.1806 4 3.696
24.1875 4 3.792
24.1944 4 3.884
24.2014 4 3.971
24.2083 4 4.052
24.2153 4 4.128
24.2222 4 4.198
24.2292 4 4.263
24.2361 4 4.321
24.2431 4 4.374
24.2500 4 4.420
24.2569 4 4.461
24.2639 4 4.496
24.2708 4 4.524
24.2778 4 4.547
24.2847 4 4.563
24.2917 4 4.573
24.2986 4 4.577
24.3056 4 4.575
24.3125 4 4.566
24.3194 4 4.551
24.3264 4 4.529
24.3333 4 4.501
24.3403 4 4.467
24.3472 4 4.426
24.3542 4 4.379
24.3611 4 4.326
24.3681 4 4.267
24.3750 4 4.203
24.3819 5 3.888
24.3889 4 5.381
24.3958 4 5.855
24.4028 4 6.401
24.4097 4 7.040
24.4167 4 7.797
24.4236 4 8.711
24.4306 4 9.837
24.4375 4 11.263
24.4444 4 13.131
24.4514 4 15.691
24.4583 4 19.428
24.4653 4 25.416
24.4722 4 36.604
24.4792 4 50.000
24.4861 4 50.000
24.4931 4 50.000
24.5000 4 48.914
24.5069 4 30.801
24.5139 4 22.427
24.5208 4 17.592
24.5278 4 14.436
24.5347 4 12.210
24.5417 4 10.551
24.5486 4 9.265
24.5556 4 8.237
24.5625 4 7.394
24.5694 4 6.690
24.5764 4 6.092
24.5833 4 5.577
24.5903 4 5.128
24.5972 3 nan
24.6042 4 4.305
24.6111 4 4.403
24.6181 4 4.496
24.6250 4 4.580
24.6319 4 4.657
24.6389 4 4.725
24.6458 4 4.784
24.6528 4 4.833
24.6597 4 4.872
24.6667 4 4.901
24.6736 4 4.920
24.6806 4 4.929
24.6875 4 4.927
24.6944 4 4.915
24.7014 4 4.894
24.7083 4 4.862
24.7153 4 4.821
24.7222 4 4.771
24.7292 4 4.712
24.7361 4 4.644
24.7431 4 4.569
24.7500 4 4.486
24.7569 4 4.395
24.7639 4 4.298
24.7708 4 4.195
24.7778 4 4.087
24.7847 5 3.180
24.7917 5 3.400
24.7986 5 3.533
24.8056 4 3.954
24.8125 4 4.203
24.8194 4 4.474
24.8264 4 4.769
24.8333 4 5.091
24.8403 4 5.442
24.8472 4 5.828
24.8542 4 6.252
24.8611 4 6.722
24.8681 4 7.244
24.8750 4 7.829
24.8819 4 8.489
24.8889 4 9.239
24.8958 4 10.101
24.9028 4 11.104
24.9097 4 12.284
24.9167 4 13.698
24.9236 4 15.423
24.9306 4 17.580
24.9375 4 20.358
24.9444 4 24.078
24.9514 4 29.329
24.9583 4 37.316
24.9653 4 50.000
24.9722 4 50.000
24.9792 4 50.000
24.9861 4 50.000
24.9931 4 50.000
25.0000 5 2.762
25.0069 5 2.879
25.0139 5 2.998
25.0208 5 3.118
25.0278 5 3.239
25.0347 5 3.359
25.0417 5 3.478
25.0486 5 3.593
25.0556 5 3.703
25.0625 5 3.808
25.0694 5 3.905
25.0764 5 3.993
25.0833 5 4.069
25.0903 5 4.133
25.0972 5 4.184
25.1042 5 4.219
25.1111 5 4.238
25.1181 5 4.241
25.1250 5 4.227
25.1319 5 4.197
25.1389 5 4.151
25.1458 5 4.090
25.1528 5 4.016
25.1597 5 3.930
25.1667 5 3.834
25.1736 5 3.730
25.1806 5 3.618
25.1875 5 3.501
25.1944 5 3.380
25.2014 5 3.257
25.2083 5 3.133
25.2153 5 3.008
25.2222 4 50.000
25.2292 4 50.000
25.2361 4 50.000
25.2431 4 47.553
25.2500 4 34.571
25.2569 4 27.086
25.2639 4 22.210
25.2708 4 18.777
25.2778 4 16.225
25.2847 4 14.251
25.2917 4 12.677
25.2986 4 11.391
25.3056 4 10.319
25.3125 4 9.410
25.3194 4 8.630
25.3264 4 7.952
25.3333 4 7.357
25.3403 4 6.830
25.3472 4 6.360
25.3542 4 5.938
25.3611 4 5.556
25.3681 4 5.210
25.3750 4 4.894
25.3819 4 4.606
25.3889 4 4.340
25.3958 4 4.097
25.4028 4 3.872
25.4097 4 3.665
25.4167 5 3.271
25.4236 5 3.167
25.4306 4 3.661
25.4375 4 3.760
25.4444 4 3.854
25.4514 4 3.945
25.4583 4 4.030
25.4653 4 4.111
25.4722 4 4.187
25.4792 4 4.257
25.4861 4 4.321
25.4931 4 4.380
25.5000 4 4.433
25.5069 4 4.480
25.5139 4 4.520
25.5208 4 4.554
25.5278 4 4.581
25.5347 4 4.601
25.5417 4 4.614
25.5486 4 4.620
25.5556 4 4.619
25.5625 4 4.610
25.5694 4 4.594
25.5764 4 4.570
25.5833 4 4.538
25.5903 4 4.499
25.5972 4 4.452
25.6042 4 4.397
25.6111 4 4.335
25.6181 4 4.267
25.6250 5 4.006
25.6319 4 5.349
25.6389 4 5.848
25.6458 4 6.427
25.6528 4 7.110
25.6597 4 7.928
25.6667 4 8.925
25.6736 4 10.172
25.6806 4 11.781
25.6875 4 13.938
25.6944 4 16.993
25.7014 4 21.668
25.7083 4 29.744
25.7153 4 47.129
25.7222 4 50.000
25.7292 4 50.000
25.7361 4 50.000
25.7431 4 35.967
25.7500 4 24.947
25.7569 4 19.067
25.7639 4 15.404
25.7708 4 12.896
25.7778 4 11.068
25.7847 4 9.674
25.7917 4 8.573
25.7986 4 7.680
25.8056 4 6.939
25.8125 4 6.314
25.8194 4 5.780
25.8264 4 5.316
25.8333 4 4.910
25.8403 3 nan
25.8472 4 4.300
25.8542 4 4.386
25.8611 4 4.465
25.8681 4 4.537
25.8750 4 4.602
25.8819 4 4.658
25.8889 4 4.707
25.8958 4 4.747
25.9028 4 4.778
25.9097 4 4.801
25.9167 4 4.815
25.9236 4 4.820
25.9306 4 4.817
25.9375 4 4.806
25.9444 4 4.786
25.9514 4 4.758
25.9583 4 4.722
25.9653 4 4.679
25.9722 4 4.628
25.9792 4 4.570
25.9861 4 4.506
25.9931 4 4.434
26.0000 4 4.357
26.0069 4 4.273
26.0139 4 4.184
26.0208 4 4.089
26.0278 4 3.990
26.0347 4 3.886
26.0417 5 3.351
26.0486 4 3.671
26.0556 4 3.884
26.0625 4 4.116
26.0694 4 4.368
26.0764 4 4.642
26.0833 4 4.941
26.0903 4 5.269
26.0972 4 5.628
26.1042 4 6.024
26.1111 4 6.462
26.1181 4 6.950
26.1250 4 7.497
26.1319 4 8.114
26.1389 4 8.817
26.1458 4 9.626
26.1528 4 10.567
26.1597 4 11.677
26.1667 4 13.009
26.1736 4 14.637
26.1806 4 16.678
26.1875 4 19.314
26.1944 4 22.857
26.2014 4 27.883
26.2083 4 35.584
26.2153 4 48.903
26.2222 4 50.000
26.2292 4 50.000
26.2361 4 50.000
26.2431 5 2.746
26.2500 5 2.871
26.2569 5 2.999
26.2639 5 3.130
26.2708 5 3.260
26.2778 5 3.391
26.2847 5 3.519
26.2917 5 3.643
26.2986 5 3.762
26.3056 5 3.874
26.3125 5 3.976
26.3194 5 4.067
26.3264 5 4.144
26.3333 5 4.207
26.3403 5 4.253
26.3472 5 4.281
26.3542 5 4.291
26.3611 5 4.283
26.3681 5 4.256
26.3750 5 4.212
26.3819 5 4.153
26.3889 5 4.078
26.3958 5 3.991
26.4028 5 3.893
26.4097 5 3.787
26.4167 5 3.673
26.4236 5 3.555
26.4306 5 3.432
26.4375 5 3.308
26.4444 5 3.183
26.4514 5 3.058
26.4583 5 2.935
26.4653 4 50.000
26.4722 4 50.000
26.4792 4 46.378
26.4861 4 34.274
26.4931 4 27.136
26.5000 4 22.422
26.5069 4 19.071
26.5139 4 16.563
26.5208 4 14.612
26.5278 4 13.050
26.5347 4 11.769
26.5417 4 10.697
26.5486 4 9.787
26.5556 4 9.003
26.5625 4 8.320
26.5694 4 7.719
26.5764 4 7.185
26.5833 4 6.708
26.5903 4 6.278
26.5972 4 5.889
26.6042 4 5.535
26.6111 4 5.211
26.6181 4 4.913
26.6250 4 4.639
26.6319 4 4.386
26.6389 4 4.152
26.6458 4 3.934
26.6528 4 3.732
26.6597 4 3.545
26.6667 5 3.197
26.6736 4 3.521
26.6806 4 3.618
26.6875 4 3.714
26.6944 4 3.806
26.7014 4 3.895
26.7083 4 3.980
26.7153 4 4.061
26.7222 4 4.138
26.7292 4 4.211
26.7361 4 4.278
26.7431 4 4.341
26.7500 4 4.398
26.7569 4 4.450
26.7639 4 4.496
26.7708 4 4.536
26.7778 4 4.569
26.7847 4 4.595
26.7917 4 4.614
26.7986 4 4.626
26.8056 4 4.630
26.8125 4 4.626
26.8194 4 4.614
26.8264 4 4.593
26.8333 4 4.563
26.8403 4 4.525
26.8472 4 4.477
26.8542 4 4.421
26.8611 4 4.356
26.8681 5 4.197
26.8750 5 3.955
26.8819 4 5.552
26.8889 4 6.109
26.8958 4 6.765
26.9028 4 7.552
26.9097 4 8.512
26.9167 4 9.714
26.9236 4 11.264
26.9306 4 13.346
26.9375 4 16.298
26.9444 4 20.824
26.9514 4 28.667
26.9583 4 45.659
26.9653 4 50.000
26.9722 4 50.000
26.9792 4 50.000
26.9861 4 34.240
26.9931 4 23.832
27.0000 4 18.256
27.0069 4 14.772
27.0139 4 12.385
27.0208 4 10.643
27.0278 4 9.313
27.0347 4 8.261
27.0417 4 7.408
27.0486 4 6.701
27.0556 4 6.104
27.0625 4 5.594
27.0694 4 5.151
27.0764 3 nan
27.0833 4 4.267
27.0903 4 4.350
27.0972 4 4.427
27.1042 4 4.496
27.1111 4 4.557
27.1181 4 4.609
27.1250 4 4.654
27.1319 4 4.690
27.1389 4 4.719
27.1458 4 4.739
27.1528 4 4.750
27.1597 4 4.754
27.1667 4 4.751
27.1736 4 4.740
27.1806 4 4.721
27.1875 4 4.696
27.1944 4 4.664
27.2014 4 4.625
27.2083 4 4.580
27.2153 4 4.529
27.2222 4 4.472
27.2292 4 4.410
27.2361 4 4.342
27.2431 4 4.270
27.2500 4 4.192
27.2569 4 4.110
27.2639 4 4.024
27.2708 4 3.934
27.2778 4 3.840
27.2847 5 3.184
27.2917 4 3.481
27.2986 4 3.666
27.3056 4 3.866
27.3125 4 4.082
27.3194 4 4.317
27.3264 4 4.571
27.3333 4 4.848
27.3403 4 5.149
27.3472 4 5.479
27.3542 4 5.841
27.3611 4 6.240
27.3681 4 6.683
27.3750 4 7.177
27.3819 4 7.733
27.3889 4 8.362
27.3958 4 9.081
27.4028 4 9.913
27.4097 4 10.887
27.4167 4 12.043
27.4236 4 13.443
27.4306 4 15.172
27.4375 4 17.367
27.4444 4 20.251
27.4514 4 24.216
27.4583 4 30.022
27.4653 4 39.358
27.4722 4 50.000
27.4792 4 50.000
27.4861 4 50.000
27.4931 5 2.790
27.5000 5 2.923
27.5069 5 3.060
27.5139 5 3.200
27.5208 5 3.340
27.5278 5 3.480
27.5347 5 3.618
27.5417 5 3.751
27.5486 5 3.877
27.5556 5 3.995
27.5625 5 4.100
27.5694 5 4.192
27.5764 5 4.267
27.5833 5 4.323
27.5903 5 4.359
27.5972 5 4.375
27.6042 5 4.368
27.6111 5 4.341
27.6181 5 4.294
27.6250 5 4.228
27.6319 5 4.146
27.6389 5 4.051
27.6458 5 3.943
27.6528 5 3.827
27.6597 5 3.703
27.6667 5 3.575
27.6736 5 3.444
27.6806 5 3.312
27.6875 5 3.180
27.6944 5 3.049
27.7014 5 2.921
27.7083 4 50.000
27.7153 4 46.086
27.7222 4 33.991
27.7292 4 26.907
27.7361 4 22.247
27.7431 4 18.944
27.7500 4 16.477
27.7569 4 14.561
27.7639 4 13.028
27.7708 4 11.772
27.7778 4 10.722
27.7847 4 9.831
27.7917 4 9.063
27.7986 4 8.395
27.8056 4 7.806
27.8125 4 7.284
27.8194 4 6.816
27.8264 4 6.395
27.8333 4 6.013
27.8403 4 5.665
27.8472 4 5.347
27.8542 4 5.054
27.8611 4 4.784
27.8681 4 4.534
27.8750 4 4.302
27.8819 4 4.086
27.8889 4 3.885
27.8958 4 3.698
27.9028 4 3.523
27.9097 4 3.359
27.9167 4 3.414
27.9236 4 3.506
27.9306 4 3.596
27.9375 4 3.685
27.9444 4 3.771
27.9514 4 3.854
27.9583 4 3.935
27.9653 4 4.012
27.9722 4 4.086
27.9792 4 4.157
27.9861 4 4.223
27.9931 4 4.286
28.0000 4 4.344
28.0069 4 4.397
28.0139 4 4.446
28.0208 4 4.489
28.0278 4 4.526
28.0347 4 4.557
28.0417 4 4.581
28.0486 4 4.599
28.0556 4 4.609
28.0625 4 4.611
28.0694 4 4.605
28.0764 4 4.590
28.0833 4 4.566
28.0903 4 4.533
28.0972 4 4.490
28.1042 4 4.438
28.1111 4 4.375
28.1181 5 4.220
28.1250 5 3.969
28.1319 4 5.588
28.1389 4 6.165
28.1458 4 6.849
28.1528 4 7.677
28.1597 4 8.700
28.1667 4 9.998
28.1736 4 11.703
28.1806 4 14.048
28.1875 4 17.488
28.1944 4 23.040
28.2014 4 33.553
28.2083 4 50.000
28.2153 4 50.000
28.2222 4 50.000
28.2292 4 42.410
28.2361 4 27.126
28.2431 4 19.919
28.2500 4 15.716
28.2569 4 12.957
28.2639 4 11.002
28.2708 4 9.541
28.2778 4 8.406
28.2847 4 7.497
28.2917 4 6.752
28.2986 4 6.128
28.3056 4 5.598
28.3125 4 5.142
28.3194 3 nan
28.3264 4 4.351
28.3333 4 4.432
28.3403 4 4.504
28.3472 4 4.567
28.3542 4 4.621
28.3611 4 4.666
28.3681 4 4.702
28.3750 4 4.728
28.3819 4 4.746
28.3889 4 4.756
28.3958 4 4.757
28.4028 4 4.750
28.4097 4 4.736
28.4167 4 4.716
28.4236 4 4.688
28.4306 4 4.654
28.4375 4 4.613
28.4444 4 4.568
28.4514 4 4.516
28.4583 4 4.460
28.4653 4 4.399
28.4722 4 4.333
28.4792 4 4.263
28.4861 4 4.189
28.4931 4 4.111
28.5000 4 4.030
28.5069 4 3.946
28.5139 4 3.859
28.5208 4 3.769
28.5278 4 3.677
28.5347 4 3.388
28.5417 4 3.556
28.5486 4 3.736
28.5556 4 3.931
28.5625 4 4.140
28.5694 4 4.365
28.5764 4 4.608
28.5833 4 4.871
28.5903 4 5.156
28.5972 4 5.467
28.6042 4 5.806
28.6111 4 6.178
28.6181 4 6.588
28.6250 4 7.043
28.6319 4 7.551
28.6389 4 8.123
28.6458 4 8.772
28.6528 4 9.515
28.6597 4 10.377
28.6667 4 11.389
28.6736 4 12.596
28.6806 4 14.064
28.6875 4 15.889
28.6944 4 18.226
28.7014 4 21.329
28.7083 4 25.659
28.7153 4 32.134
28.7222 4 42.901
28.7292 4 50.000
28.7361 4 50.000
28.7431 5 2.788
28.7500 5 2.924
28.7569 5 3.065
28.7639 5 3.209
28.7708 5 3.356
28.7778 5 3.502
28.7847 5 3.648
28.7917 5 3.790
28.7986 5 3.925
28.8056 5 4.052
28.8125 5 4.166
28.8194 5 4.265
28.8264 5 4.346
28.8333 5 4.406
28.8403 5 4.443
28.8472 5 4.457
28.8542 5 4.445
28.8611 5 4.411
28.8681 5 4.353
28.8750 5 4.276
28.8819 5 4.180
28.8889 5 4.070
28.8958 5 3.948
28.9028 5 3.817
28.9097 5 3.680
28.9167 5 3.540
28.9236 5 3.397
28.9306 5 3.255
28.9375 5 3.115
28.9444 5 2.977
28.9514 4 50.000
28.9583 4 39.520
28.9653 4 29.912
28.9722 4 24.058
28.9792 4 20.110
28.9861 4 17.265
28.9931 4 15.114
29.0000 4 13.428
29.0069 4 12.069
29.0139 4 10.949
29.0208 4 10.009
29.0278 4 9.207
29.0347 4 8.514
29.0417 4 7.909
29.0486 4 7.375
29.0556 4 6.900
29.0625 4 6.474
29.0694 4 6.089
29.0764 4 5.740
29.0833 4 5.422
29.0903 4 5.130
29.0972 4 4.862
29.1042 4 4.614
29.1111 4 4.384
29.1181 4 4.170
29.1250 4 3.971
29.1319 4 3.786
29.1389 4 3.613
29.1458 4 3.451
29.1528 3 nan
29.1597 4 3.355
29.1667 4 3.440
29.1736 4 3.524
29.1806 4 3.606
29.1875 4 3.686
29.1944 4 3.764
29.2014 4 3.840
29.2083 4 3.913
29.2153 4 3.984
29.2222 4 4.052
29.2292 4 4.117
29.2361 4 4.179
29.2431 4 4.237
29.2500 4 4.292
29.2569 4 4.343
29.2639 4 4.389
29.2708 4 4.431
29.2778 4 4.468
29.2847 4 4.500
29.2917 4 4.526
29.2986 4 4.546
29.3056 4 4.560
29.3125 4 4.566
29.3194 4 4.564
29.3264 4 4.555
29.3333 4 4.537
29.3403 4 4.510
29.3472 4 4.473
29.3542 4 4.427
29.3611 5 4.192
29.3681 5 4.224
29.3750 5 3.980
29.3819 5 3.579
29.3889 4 6.109
29.3958 4 6.784
29.4028 4 7.600
29.4097 4 8.611
29.4167 4 9.898
29.4236 4 11.593
29.4306 4 13.936
29.4375 4 17.394
29.4444 4 23.031
29.4514 4 33.897
29.4583 4 50.000
29.4653 4 50.000
29.4722 4 50.000
29.4792 4 39.321
29.4861 4 25.525
29.4931 4 18.865
29.5000 4 14.934
29.5069 4 12.334
29.5139 4 10.483
29.5208 4 9.095
29.5278 4 8.014
