R rf_mean rf_worst op_mean op_worst
1 1156 1072.3 3.1622 3.0952
1.0506 1149 1064.8 3.1565 3.0894
1.1039 1142 1057.3 3.1508 3.0836
1.1598 1135 1049.7 3.1451 3.0778
1.2185 1127.9 1042.1 3.1394 3.0719
1.2802 1120.8 1034.4 3.1336 3.0661
1.3451 1113.7 1026.6 3.1279 3.0602
1.4132 1106.5 1018.8 3.1221 3.0543
1.4847 1099.2 1010.9 3.1164 3.0484
1.5599 1091.9 1002.9 3.1106 3.0425
1.6389 1084.6 994.94 3.1048 3.0366
1.722 1077.2 986.87 3.099 3.0307
1.8092 1069.7 978.73 3.0932 3.0248
1.9008 1062.2 970.53 3.0874 3.0188
1.9971 1054.7 962.25 3.0816 3.0129
2.0982 1047 953.9 3.0757 3.0069
2.2045 1039.4 945.48 3.0699 3.0009
2.3161 1031.7 936.98 3.064 2.9949
2.4334 1023.9 928.41 3.0582 2.9889
2.5567 1016 919.75 3.0523 2.9829
2.6861 1008.1 911.01 3.0464 2.9769
2.8222 1000.2 902.19 3.0405 2.9708
2.9651 992.14 893.28 3.0346 2.9648
3.1153 984.04 884.28 3.0286 2.9587
3.2731 975.88 875.19 3.0227 2.9526
3.4388 967.65 866.01 3.0167 2.9465
3.613 959.35 856.72 3.0108 2.9404
3.796 950.97 847.33 3.0048 2.9343
3.9882 942.53 837.84 2.9988 2.9282
4.1902 934 828.24 2.9928 2.922
4.4025 925.4 818.53 2.9868 2.9159
4.6254 916.72 808.7 2.9808 2.9097
4.8597 907.95 798.75 2.9748 2.9035
5.1058 899.1 788.67 2.9687 2.8973
5.3644 890.16 778.46 2.9626 2.8911
5.6361 881.13 768.12 2.9566 2.8849
5.9215 872 757.64 2.9505 2.8786
6.2214 862.78 747.01 2.9444 2.8724
6.5365 853.46 736.22 2.9383 2.8661
6.8676 844.04 725.28 2.9322 2.8598
7.2154 834.51 714.16 2.926 2.8536
7.5808 824.87 702.87 2.9199 2.8473
7.9648 815.12 691.4 2.9137 2.8409
8.3681 805.24 679.74 2.9075 2.8346
8.792 795.25 667.87 2.9013 2.8283
9.2372 785.13 655.78 2.8951 2.8219
9.7051 774.87 643.47 2.8889 2.8155
10.197 764.48 630.92 2.8827 2.8091
10.713 753.95 618.11 2.8765 2.8027
11.256 743.26 605.03 2.8702 2.7963
11.826 732.42 591.67 2.8639 2.7899
12.425 721.42 577.99 2.8577 2.7834
13.054 710.25 563.98 2.8514 2.7769
13.715 698.9 549.62 2.8451 2.7705
14.41 687.36 534.87 2.8387 2.764
15.139 675.62 519.7 2.8324 2.7575
15.906 663.68 504.08 2.826 2.7509
16.712 651.52 487.95 2.8197 2.7444
17.558 639.12 471.28 2.8133 2.7378
18.447 626.48 453.99 2.8069 2.7313
19.382 613.59 436.02 2.8005 2.7247
20.363 600.41 417.27 2.7941 2.7181
21.394 586.94 397.64 2.7876 2.7115
22.478 573.15 376.99 2.7812 2.7048
23.616 559.02 355.14 2.7747 2.6982
24.813 544.52 331.86 2.7682 2.6915
26.069 529.63 306.81 2.7617 2.6848
27.39 514.31 279.53 2.7552 2.6781
28.777 498.52 249.29 2.7487 2.6714
30.234 482.21 214.82 2.7421 2.6647
31.765 465.33 173.64 2.7356 2.6579
33.374 447.81 118.98 2.729 2.6511
35.064 429.58 nan 2.7224 2.6443
36.84 410.54 nan 2.7158 2.6375
38.706 390.57 nan 2.7091 2.6307
40.666 369.52 nan 2.7025 2.6239
42.726 347.21 nan 2.6958 2.617
44.89 323.35 nan 2.6892 2.6101
47.163 297.59 nan 2.6825 2.6032
49.552 269.38 nan 2.6758 2.5963
52.062 237.84 nan 2.669 2.5894
54.698 201.43 nan 2.6623 2.5825
57.469 156.77 nan 2.6555 2.5755
60.379 92.632 nan 2.6488 2.5685
63.437 nan nan 2.642 2.5615
66.65 nan nan 2.6352 2.5545
70.026 nan nan 2.6283 2.5474
73.572 nan nan 2.6215 2.5404
77.298 nan nan 2.6146 2.5333
81.213 nan nan 2.6077 2.5262
85.326 nan nan 2.6008 2.519
89.648 nan nan 2.5939 2.5119
94.188 nan nan 2.587 2.5047
98.958 nan nan 2.58 2.4975
103.97 nan nan 2.5731 2.4903
109.24 nan nan 2.5661 2.4831
114.77 nan nan 2.559 2.4759
120.58 nan nan 2.552 2.4686
126.69 nan nan 2.545 2.4613
133.1 nan nan 2.5379 2.454
139.85 nan nan 2.5308 2.4467
146.93 nan nan 2.5237 2.4393
154.37 nan nan 2.5166 2.4319
162.19 nan nan 2.5094 2.4245
170.4 nan nan 2.5022 2.4171
179.03 nan nan 2.495 2.4096
188.1 nan nan 2.4878 2.4022
197.63 nan nan 2.4806 2.3947
207.63 nan nan 2.4733 2.3872
218.15 nan nan 2.4661 2.3796
229.2 nan nan 2.4588 2.3721
240.81 nan nan 2.4514 2.3645
253 nan nan 2.4441 2.3569
265.82 nan nan 2.4367 2.3492
279.28 nan nan 2.4293 2.3416
293.42 nan nan 2.4219 2.3339
308.28 nan nan 2.4145 2.3262
323.9 nan nan 2.407 2.3184
340.3 nan nan 2.3996 2.3107
357.54 nan nan 2.3921 2.3029
375.65 nan nan 2.3845 2.295
394.67 nan nan 2.377 2.2872
414.66 nan nan 2.3694 2.2793
435.66 nan nan 2.3618 2.2714
457.72 nan nan 2.3542 2.2635
480.91 nan nan 2.3466 2.2555
505.26 nan nan 2.3389 2.2476
530.85 nan nan 2.3312 2.2396
557.74 nan nan 2.3235 2.2315
585.98 nan nan 2.3157 2.2234
615.66 nan nan 2.3079 2.2154
646.84 nan nan 2.3001 2.2072
679.6 nan nan 2.2923 2.1991
714.02 nan nan 2.2845 2.1909
750.19 nan nan 2.2766 2.1827
788.18 nan nan 2.2687 2.1744
828.1 nan nan 2.2607 2.1661
870.04 nan nan 2.2528 2.1578
914.1 nan nan 2.2448 2.1495
960.4 nan nan 2.2368 2.1411
1009 nan nan 2.2287 2.1327
1060.1 nan nan 2.2206 2.1242
1113.8 nan nan 2.2125 2.1158
1170.2 nan nan 2.2044 2.1073
1229.5 nan nan 2.1962 2.0987
1291.8 nan nan 2.188 2.0901
1357.2 nan nan 2.1798 2.0815
1425.9 nan nan 2.1715 2.0729
1498.2 nan nan 2.1632 2.0642
1574 nan nan 2.1549 2.0554
1653.8 nan nan 2.1466 2.0467
1737.5 nan nan 2.1382 2.0379
1825.5 nan nan 2.1297 2.029
1918 nan nan 2.1213 2.0202
2015.1 nan nan 2.1128 2.0112
2117.2 nan nan 2.1043 2.0023
2224.4 nan nan 2.0957 1.9933
2337 nan nan 2.0871 1.9843
2455.4 nan nan 2.0785 1.9752
2579.8 nan nan 2.0698 1.9661
2710.4 nan nan 2.0611 1.9569
2847.7 nan nan 2.0524 1.9477
2991.9 nan nan 2.0436 1.9384
3143.5 nan nan 2.0348 1.9291
3302.7 nan nan 2.026 1.9198
3469.9 nan nan 2.0171 1.9104
3645.7 nan nan 2.0081 1.901
3830.3 nan nan 1.9992 1.8915
4024.3 nan nan 1.9902 1.882
4228.1 nan nan 1.9811 1.8724
4442.2 nan nan 1.972 1.8628
4667.2 nan nan 1.9629 1.8531
4903.6 nan nan 1.9537 1.8434
5152 nan nan 1.9445 1.8336
5412.9 nan nan 1.9352 1.8238
5687 nan nan 1.9259 1.8139
5975 nan nan 1.9165 1.804
6277.7 nan nan 1.9071 1.794
6595.6 nan nan 1.8977 1.7839
6929.6 nan nan 1.8882 1.7738
7280.6 nan nan 1.8787 1.7637
7649.3 nan nan 1.8691 1.7535
8036.7 nan nan 1.8594 1.7432
8443.8 nan nan 1.8497 1.7328
8871.4 nan nan 1.84 1.7224
9320.7 nan nan 1.8302 1.712
9792.8 nan nan 1.8204 1.7014
10289 nan nan 1.8105 1.6908
10810 nan nan 1.8005 1.6802
11357 nan nan 1.7905 1.6694
11933 nan nan 1.7804 1.6586
12537 nan nan 1.7703 1.6478
13172 nan nan 1.7601 1.6368
13839 nan nan 1.7499 1.6258
14540 nan nan 1.7396 1.6147
15276 nan nan 1.7292 1.6036
16050 nan nan 1.7188 1.5923
16863 nan nan 1.7083 1.581
17717 nan nan 1.6978 1.5696
18614 nan nan 1.6871 1.5581
19557 nan nan 1.6764 1.5465
20547 nan nan 1.6657 1.5348
21588 nan nan 1.6549 1.5231
22681 nan nan 1.644 1.5112
23830 nan nan 1.633 1.4993
25037 nan nan 1.622 1.4873
26305 nan nan 1.6108 1.4751
27637 nan nan 1.5996 1.4629
29037 nan nan 1.5884 1.4506
30507 nan nan 1.577 1.4381
32052 nan nan 1.5656 1.4256
33676 nan nan 1.5541 1.4129
35381 nan nan 1.5424 1.4001
37173 nan nan 1.5308 1.3872
39056 nan nan 1.519 1.3742
41034 nan nan 1.5071 1.3611
43112 nan nan 1.4951 1.3478
45296 nan nan 1.483 1.3344
47590 nan nan 1.4709 1.3209
50000 nan nan 1.4586 1.3072
