snr env shannon m0 m1 m2 m3 m4 m5 m6 m7
-4 3.067 8.896 3.067 nan nan nan nan nan nan nan
-2 3.472 12.985 3.472 nan nan nan nan nan nan nan
0 4.693 18.400 3.472 4.693 nan nan nan nan nan nan
2 11.307 25.210 3.472 11.307 nan nan nan nan nan nan
4 12.800 33.345 3.472 12.800 nan nan nan nan nan nan
6 12.800 42.623 3.472 12.800 8.922 nan nan nan nan nan
8 23.950 52.804 3.472 12.800 23.950 12.197 nan nan nan nan
10 31.363 63.654 3.472 12.800 28.176 31.363 nan nan nan nan
12 34.848 74.972 3.472 12.800 28.176 34.848 22.118 nan nan nan
14 44.237 86.609 3.472 12.800 28.176 34.848 44.237 2.151 nan nan
16 49.152 98.456 3.472 12.800 28.176 34.848 49.152 39.792 nan nan
18 64.528 110.440 3.472 12.800 28.176 34.848 49.152 64.528 20.766 nan
20 66.191 122.511 3.472 12.800 28.176 34.848 49.152 64.528 66.191 nan
22 77.872 134.639 3.472 12.800 28.176 34.848 49.152 64.528 77.872 nan
24 77.872 146.802 3.472 12.800 28.176 34.848 49.152 64.528 77.872 35.851
26 88.774 158.988 3.472 12.800 28.176 34.848 49.152 64.528 77.872 88.774
28 102.432 171.188 3.472 12.800 28.176 34.848 49.152 64.528 77.872 102.432
30 102.432 183.397 3.472 12.800 28.176 34.848 49.152 64.528 77.872 102.432
